1000
94239 74765 99615
90036 78925 59616
22877 16394 68498
95109 40039 53250
12236 23944 84880
40844 33475 72111
96447 93532 81113
90661 80007 14030
82694 87181 40814
59018 8221 40969
99507 46438 96417
79463 46771 84479
82851 65791 47737
5847 92617 80848
40007 2575 87867
38778 1295 44418
34131 50612 61648
25596 85486 41908
8869 78732 7468
27128 78789 81327
56612 1258 13193
14281 47739 92532
20464 47041 75141
5080 81562 61046
44064 45602 96788
8859 63541 34797
25967 61444 6594
62772 69733 88692
59002 49252 34317
10474 73852 11356
3874 41681 85230
18533 19067 92097
3313 21209 89194
37638 61794 51239
12444 33041 62761
66461 88905 60527
58507 93939 75107
83198 89567 60298
91613 44672 14251
61479 75472 62308
85824 26959 98312
17803 86400 51902
68293 30727 27462
38524 31146 167
79019 68169 41438
5802 84982 73549
47090 20797 66573
16477 95562 60057
21230 98349 28850
42208 44992 86934
78608 6185 82009
50868 81862 68178
32782 37540 8857
12948 14873 1541
15545 38675 67111
74276 55831 99057
18102 46308 45083
29493 50844 34668
77796 9194 58258
45013 37719 62714
94942 62359 50259
1277 86157 63375
44168 66570 1497
50204 60215 94490
80244 25805 28386
85193 70636 17423
46347 26196 35404
20491 6013 88534
35567 79354 80878
45050 79580 37803
84232 1291 79892
70196 76672 96496
83361 77854 81965
23309 22099 26451
70727 42281 99647
40774 14511 23235
73545 79164 92219
78610 65176 70649
34202 497 67213
91740 92779 33757
93536 2882 86630
63743 55653 73762
57185 67098 95950
39093 66235 86118
2023 35652 27703
53827 39052 92178
48681 72791 30368
9467 21443 77716
71061 90171 16918
82541 9110 47678
41006 82517 81054
7564 76029 25424
23640 86689 26690
4139 98717 39807
7430 86049 7865
44587 9067 8463
32379 45912 76385
73223 89071 31640
93243 90655 25242
94082 46019 16777
9351 9339 55625
29937 655 46905
45965 15702 98043
24158 14043 93332
21076 71490 27765
59796 86681 70797
89001 273 94530
14553 24842 69177
45351 71498 38202
85299 59587 58556
29597 55726 82903
39765 90616 81657
89999 85204 26319
45161 48450 37560
53786 5041 96995
79209 43793 67307
6983 43921 64341
50470 17447 89607
36520 87769 51809
17909 96280 84903
15966 50975 85189
10612 1879 31149
4791 68696 47948
89345 57238 10836
18902 60967 18505
67814 71974 27619
30844 75666 71027
10333 51751 23969
36695 50 4578
50275 97252 26345
38002 7807 78965
88090 33670 19867
89780 56733 7213
27147 28139 59751
52622 65431 61299
72561 64347 29574
39191 4726 62769
85729 86624 96931
83809 88624 25230
8262 4160 78515
23966 48602 81952
63214 65893 61173
12451 53504 16428
67509 26516 61634
85431 57685 39798
14283 33966 86496
22566 75351 67394
96439 96806 79176
7936 58254 50274
91719 90256 65428
26759 31014 33905
17551 49347 60432
14013 73619 80380
82418 25182 28530
5883 90202 66477
57799 54531 72311
92966 80815 78266
93130 3603 29000
52981 39248 86785
89999 1834 83449
37348 39915 83311
46735 24934 71716
1219 6126 34058
36733 3460 20624
91571 51881 85280
77212 42193 12993
40783 98675 97945
46712 48927 77303
43670 35243 40048
48815 31771 96488
34324 69028 44440
2566 92354 23199
87787 25927 76279
95893 78380 76959
42393 67865 58284
6966 89694 80383
33089 18168 39743
14879 26509 86887
4494 504 1624
6329 27245 91943
94119 25156 32425
77436 88859 65719
11813 11224 67469
79495 32859 20740
89250 69544 69775
38086 34214 54477
48755 94623 23465
25919 3012 30111
6474 29253 81179
37003 73959 57664
66597 80027 91316
89313 25240 6119
1806 65011 91471
59242 98659 60095
16715 79335 66188
93788 10126 74827
5530 17163 36267
95467 10060 86522
11119 29967 49399
12226 52989 80601
39373 97637 66507
12749 98671 65137
84187 984 76418
3550 41632 78520
32986 81560 57132
34936 30825 44797
16994 77949 86825
85772 12071 27611
98436 78431 25940
20089 73727 44735
6111 71891 80316
68581 51578 50230
96754 66989 49235
5054 77768 28828
23251 21628 34823
8180 78866 20770
87279 86005 10641
89630 69123 53312
98045 48441 94689
46318 36434 95907
29883 94084 13452
21650 98746 9500
76886 5439 62582
35767 52100 41755
80641 24768 65167
92024 48763 83717
44167 74448 37859
48391 96988 88651
91482 94521 33388
88769 6489 26137
15554 86425 59620
35038 72416 12328
86319 74364 90974
80890 93484 98680
97776 48097 77899
25103 73323 6540
34043 41320 92892
57744 13743 49651
54487 16280 45207
37156 89030 91793
64244 45931 38512
51224 9385 47192
28869 38473 50808
6063 39522 22919
94907 50001 59733
58445 70701 47815
59565 36390 40512
80352 6134 69478
3099 94544 65376
2774 69486 74410
17991 6138 63358
29099 1081 91712
44459 77537 27912
66203 88286 39971
30814 4983 39080
26026 16001 48088
13067 42279 34178
45814 74977 3032
6799 63309 5951
45098 81109 1679
52421 93923 85979
19771 61349 16960
7845 75511 17386
34867 44209 61156
18847 597 86567
43145 98074 2484
61896 20957 64883
19473 88917 97095
67786 30242 38548
83927 23985 42077
40935 86215 96683
66280 8027 710
10295 11161 66244
3135 60403 9045
73731 22032 90093
78560 51456 73370
35032 24472 52037
39043 17438 85951
90037 7233 68232
56483 87069 11503
30242 99408 89378
44166 15192 91529
37022 15299 7157
99033 61112 5931
24239 5893 23427
82326 99353 77661
23998 24795 51250
24685 61656 47267
96879 94362 94382
62590 41125 83255
11187 86712 19406
13446 1023 57882
95 98696 77710
9565 35686 44356
64846 76487 56327
98960 87926 11972
57534 40445 11015
75298 87946 59409
72278 87867 30757
10215 75539 54253
39319 60921 86106
81428 49561 84564
60577 47418 7372
60434 83361 786
49168 68904 13827
1545 4990 64710
36200 50591 96696
95408 83860 16308
61240 38379 48255
85732 96177 51411
95618 81464 51279
50744 15328 68242
53323 88156 37772
5482 73291 88088
41446 17897 2167
75531 81438 56584
79030 33293 63808
95853 81920 84145
4192 28557 75612
20269 45488 35900
13538 33213 9459
15976 68914 93743
64851 88764 9720
87486 54316 45572
92974 78962 79582
36037 96276 86062
80099 90646 65512
53831 91178 47620
67238 53271 50026
23813 9217 9187
41504 38693 18728
78409 87271 68177
42830 84089 48043
45148 76378 12428
85612 52264 38786
3950 39202 43088
14046 20143 45765
84427 27051 12893
16593 47465 50015
38515 39608 84540
69563 56164 63450
47497 28726 59621
88965 23215 59128
52140 27769 35005
9883 10892 77337
79152 44662 36081
92923 27892 99120
57 75553 3801
3068 25185 74438
32954 73153 69914
47380 36847 55418
79654 75130 58718
27397 35058 37659
15740 96518 137
1040 38313 57712
40673 52728 36390
95297 80242 81951
9556 66506 11491
47152 23347 84746
51375 25270 72592
73945 90368 13957
26710 94784 12781
62276 50923 19515
29960 64851 98451
68915 3985 48790
19090 36261 75358
71047 38639 17000
56225 36199 81547
29005 66688 14095
60357 66885 68184
66623 6425 89063
9781 37895 60756
8661 36786 39142
99573 45385 82068
13227 92650 91972
18047 1816 62475
35625 2788 35825
73516 97929 4223
23391 67410 58189
21238 92105 59121
27825 27598 52646
2241 76887 68555
19023 44867 97720
72425 6958 5629
49580 53022 61834
5427 19651 14385
64803 78443 22614
22868 19952 9333
46309 14182 90402
14144 82707 84384
47162 58996 92680
79237 44698 25723
71446 62636 48637
89893 54434 53397
82172 87075 71005
21805 41756 96695
81830 7970 75379
76113 80517 20173
29049 11689 78600
55904 42037 31703
49586 22253 29747
43914 25953 98844
4345 63269 45262
27861 5348 98592
74056 27918 64328
71967 30052 26334
7420 77432 21646
64400 4313 57272
90521 45891 41453
24285 59665 60944
32893 87437 52490
3131 54802 73269
71995 87994 48522
61690 29655 25844
32747 35149 92699
74882 77737 36683
32906 808 66873
10552 76933 28535
18390 39318 70230
36434 58494 80645
52794 22159 41311
41032 99247 81424
80513 79345 10383
20523 33079 36408
53232 15632 78819
9011 70937 55421
33086 31950 88252
51370 54025 58792
85588 60621 88970
94078 62391 23466
14516 89810 60755
5131 1797 3039
63587 10877 20031
64370 85996 53031
8640 16213 29277
14791 285 52944
91321 95903 87076
18274 23436 25914
12017 12059 53417
59462 52222 92679
46510 23802 50794
47243 60310 90763
94985 70830 90866
52830 70292 63932
90204 73086 64936
72849 73574 48499
61442 28149 37480
20618 43001 91863
57010 5825 24459
33708 7701 69007
69656 60008 48789
43323 23861 10424
43935 13954 3227
69654 47612 48371
63538 33956 64901
37480 21102 42870
37018 68307 48360
60096 95666 7049
37088 15749 45569
7056 99622 3460
8998 77602 341
85098 20790 41619
8536 96886 89235
86362 50019 86040
79411 36720 91606
95437 95513 74895
31238 35370 24565
88885 59697 412
55819 57160 89959
52019 44418 8180
99125 86238 74712
28172 86920 37636
59682 47517 73617
81695 87009 59495
79116 56397 54670
36239 91890 27969
20432 47813 24145
25574 64271 33952
86581 44039 14154
84352 58496 93053
85962 82976 44942
52571 34321 71157
87910 33522 93432
45921 64984 94051
88244 35496 32425
17299 57804 47211
73527 65261 38606
12652 51111 12211
99984 30370 26710
90767 21093 67462
18033 22194 23494
60350 26295 66026
42934 52307 75702
75940 53638 2474
85087 19113 356
96639 94016 49775
17053 7652 39877
30819 83682 178
64535 57943 11674
99950 91380 59011
85124 61009 41979
32774 36551 23704
73288 50817 56751
89981 1754 976
3977 56966 79900
42852 40876 62119
13114 83998 89302
44906 72499 21769
37386 37662 13483
15056 5027 8491
64038 37589 62584
62571 74176 26284
64780 91570 44956
68897 11524 68633
37118 69173 60848
169 52505 81302
29215 91763 23577
1940 30485 59831
6557 67659 68638
19625 35189 83823
30379 62585 53692
22506 61717 96721
989 21587 69706
67860 69509 47390
44101 72330 58078
9777 50390 95257
1487 20450 11597
22039 61206 55404
28094 34974 2238
44214 88948 3710
91599 23489 57738
77355 46187 90223
14048 23349 93046
77337 69281 2895
37824 4473 25570
39302 37491 14792
92640 16615 21654
62741 22488 85818
41877 77898 37722
33650 44381 87523
60322 84136 89362
52422 93874 47589
94051 5847 555
15053 85635 8542
58191 52679 40121
67665 64165 61880
56946 87290 20486
65872 8472 82973
19224 14043 22747
17166 59004 91843
28263 35472 52624
21701 45143 91209
53953 97012 18600
63778 85540 38835
73589 68840 7717
1556 89042 14472
34554 36873 97023
83224 76564 30433
54747 5788 82561
37875 90035 24126
21668 5607 51969
39894 49209 35143
79682 73386 95724
6321 50239 37907
56049 34244 42323
64684 49820 88794
53345 14300 75815
81627 98438 60974
82572 2925 95118
76691 14662 53770
16661 79995 39687
40888 42358 66552
95990 19881 76371
19185 95182 34027
34244 51945 59049
71654 88271 66682
33195 82136 17362
42641 26262 91255
26526 10917 89968
18721 78183 68373
54910 25378 54643
16460 16171 88651
33111 6841 20812
99149 41768 86261
56919 86828 16803
62873 81883 22486
47535 79811 21148
5381 62283 58213
3284 43917 45757
75042 6401 2377
70218 38680 53624
47711 61455 15237
8344 41473 22582
91050 41786 46865
83452 25179 52425
53235 42642 6085
33585 29428 23162
78365 4701 64193
23888 2399 28653
56989 78796 21735
80047 97577 37694
78370 2513 12792
47115 38556 89858
48998 72957 18238
7666 70430 67901
84140 59075 447
84964 13323 47194
28347 24374 98413
85741 40454 76497
17026 65823 12093
2780 90138 40871
81026 13932 61932
46169 53971 90334
77717 17927 31816
41311 63987 33173
73686 3079 57566
16253 16874 43783
98593 79727 81121
25715 49064 61729
61998 39433 76009
57442 45860 44527
73913 74656 77295
35503 45902 95693
18778 50708 59778
17715 55430 66507
50051 38902 5859
5202 77758 31948
53872 84838 43066
48338 81491 40671
19689 91249 27169
62841 63974 34982
39007 55481 30308
42379 25462 32193
48574 60556 77555
98048 80534 38455
79059 5165 88566
35947 5075 22299
98224 34043 42647
50737 19299 7314
97004 9185 82520
56221 92974 86906
52317 46542 74776
18591 51948 92779
53946 64513 95152
63254 73837 79739
56679 51591 39275
89758 16434 30244
11574 93612 29968
21245 69282 16092
19156 28319 13147
29124 7776 47259
84627 11041 24120
89343 20086 95738
39086 12856 62950
63656 58627 63390
92368 28891 68199
89915 56199 65475
71161 25390 66374
59171 76750 29605
57244 15792 80731
34759 90008 53824
69649 64868 35763
83408 27999 67208
63720 29892 63144
33221 2392 55538
74713 84333 22188
52320 5450 76086
15321 57044 65680
64478 52307 85638
84696 43903 10626
69756 82953 83396
65093 64850 21494
6236 73692 48596
74135 59553 10801
28963 26646 60810
63888 90402 38059
60436 76526 1894
53606 51679 85702
28644 11103 53696
73376 72725 46465
12065 51940 3454
28406 99654 26907
17580 18981 86718
37336 27166 23900
57452 18974 33862
96182 18967 44743
46959 67814 78941
37416 77030 56981
72232 49921 88732
61270 24418 72275
38242 66392 19423
76212 32567 14631
22638 9404 3964
33891 92841 48184
77377 22441 30788
77324 64645 71957
252 91360 76251
72898 53040 10715
12927 66501 38678
41207 10884 25962
54252 60197 28117
30220 68424 53087
92733 57599 4192
52908 33390 1069
46867 34875 72470
79048 18176 34691
21040 50939 14932
34664 18808 19925
27458 19976 99283
74888 4146 62797
26802 93208 42137
42102 93418 63658
27218 46855 34734
47395 50965 85411
6664 45431 9010
92819 18577 62052
26188 8543 51861
6799 53518 98233
76303 39937 45042
58747 70453 43160
70760 15890 96206
12556 33004 21270
35967 60535 69574
54655 37327 32860
82859 4418 8976
32404 69435 39831
15548 75644 55059
73750 50620 22142
67789 22768 56146
62790 54222 65179
51155 56112 77870
11198 26863 28573
16095 3171 1261
76161 13188 80652
64509 92050 72107
8792 62960 90623
6863 91844 77262
99773 51625 77791
24009 26265 58659
26457 41594 68823
69737 67975 49570
66034 3599 35313
64464 51981 71140
30151 64708 59681
91469 77242 33312
69871 22805 43252
51029 52474 80687
77244 68681 23286
42477 22131 16758
48500 16909 49415
43676 2348 89737
58196 42510 41775
93487 57639 46849
91484 3672 33313
26125 10784 1193
20653 19888 30655
46079 86349 47478
54909 99073 99510
13934 28504 58681
6873 11216 30120
35278 99262 65750
74312 56986 91508
33062 59486 67120
27537 68424 95445
21558 22917 39430
39713 40481 29340
88107 64347 65049
41802 69996 95713
17416 96744 98734
9692 30925 92835
50777 79801 10939
71235 24722 36280
16751 67957 78065
81068 92673 83044
67738 80579 79329
32003 16423 18502
44000 54379 10302
25423 92429 78500
68620 4468 10101
42542 73799 77861
30343 8057 92038
68699 6366 23107
31136 12740 85256
30790 10332 1934
27383 63004 17473
33292 89255 99373
47988 9785 85607
89490 32645 49797
66907 11771 10064
85614 43039 11105
25784 64587 27173
24523 11918 44913
38832 57303 17259
91969 68323 28452
51740 38771 45835
19960 87402 34363
18531 12582 69922
54810 18517 55925
62855 62339 3908
23036 3440 43237
41405 4143 99322
4026 14750 30947
75325 48916 57388
69299 28079 75869
76817 40179 29539
75562 16874 72762
19412 63249 18837
14164 75858 28725
52847 53389 65358
81395 89434 40333
16824 96709 42236
66542 68011 31307
34979 56145 66162
37508 35974 91200
17872 4835 53405
22892 1539 9657
38509 80564 68538
19109 26440 74286
72618 56161 49307
83023 28779 99497
43137 15424 6563
15042 48151 63623
40962 3631 46114
81744 10211 37665
2759 39895 13147
57206 31030 34211
10804 30024 76734
20498 86343 71884
58267 76863 62795
60812 96006 23604
55143 69477 86871
15787 72731 87830
55424 44634 51146
47587 2985 20416
29753 61553 23720
98507 29250 58911
66606 65236 51607
28850 40450 32586
65306 19636 17937
51461 23649 14798
48129 61850 70579
46532 10916 62433
84605 7073 75734
88408 64228 37859
44294 20694 81427
50080 38043 92984
19846 69430 19763
34010 91276 30385
59349 66130 24103
8881 23218 36542
47976 47869 55998
76053 89663 32553
25567 79217 66015
78270 72614 1947
88203 19042 87532
65341 57147 49605
32649 2764 28929
35966 68805 62579
79781 99171 41132
20688 72418 15273
9499 36438 12171
55093 41610 66451
72406 36083 91491
22845 67233 523
17947 18345 42009
10007 27323 24212
6744 32258 82580
7874 34354 40586
51768 16763 57671
58138 92077 37789
10031 63967 97244
77617 44603 8471
51954 38249 99149
97780 17577 231
73529 45892 68308
46892 22417 82374
96628 29024 3659
77605 66062 221
87357 49076 40036
31933 44326 80817
6575 40296 26330
6988 71662 70840
98232 1323 34503
33443 14814 49834
9290 74176 18038
31307 11105 10410
82986 82527 38343
983 39795 87315
84368 10650 74205
12571 52696 16624
50000 14835 69661
79480 58737 81100
18850 16948 12578
11252 40585 57249
49409 69972 8221
55905 53568 2770
96773 76611 69822
71421 14258 71728
56959 20722 80444
7029 34367 99731
42895 47781 226
72626 86957 9642
47020 50495 25356
50411 19762 12286
42720 35162 22346
89148 89680 69023
22675 73169 40245
87831 14079 31030
11887 78996 23774
9655 298 57756
59865 53416 22229
43120 43149 20918
80865 42754 41579
84430 76512 73072
71212 44062 86165
96761 39658 78531
74275 4427 56315
75075 52087 71855
26910 4923 50853
92658 5465 46705
11546 23914 47753
44824 29867 83380
90335 25051 95384
91411 87876 6475
4129 8936 81936
59934 46021 50981
4693 67152 11800
4345 79449 26025
48397 70316 58998
34441 2035 30466
3708 81979 42830
79608 50486 74501
15892 62764 37159
95443 362 2106
13335 15265 2500
45990 88030 28070
6139 29337 56058
98032 58521 4423
441 2590 61228
93516 84796 16010
57713 4298 18564
45856 55065 88191
69780 30607 68412
93227 61213 86529
38259 28043 12142
43545 7140 92376
61152 12329 36254
6190 206 18873
14943 22563 69799
17940 75814 3172
58283 71768 60505
16196 27377 45540
48857 12040 93801
36553 38480 39748
60999 91301 36530
70533 44986 90616
78287 48911 39204
16935 43750 40964
28713 59369 82227
54126 30310 89632
73096 59239 92760
25664 76868 95261
86968 17393 14174
47645 40258 88767
2564 70994 52263
53540 99875 68784
53851 43781 86169
39682 98984 62785
33143 73702 42816
93748 54678 83656
73029 96071 50979
11589 18477 98949
50229 20031 72123
8091 75311 65683
41894 67350 60822
97384 99324 77104
33857 39267 11084
60012 14112 60947
80776 76544 63862
58111 36662 38645
5289 68147 9774
24011 57954 34956
57024 7164 55898
81625 68175 7101
85362 29881 54168
92565 46965 55942
88856 21789 78907
99291 50885 88075
7847 6819 29251
23029 85886 64228
61819 19881 5217
53719 74987 16587
46826 67272 1371
53125 65431 96945
18597 13382 8896
53073 26333 31173
23013 61270 72969
20326 84803 92541
53395 43793 33958
43178 75411 78634
