100
64580 58833 32469
83107 51972 62900
6 87267 31187
27355 42546 79806
88536 18564 67990
95281 45614 68750
48342 21552 78876
94739 22945 73087
88032 25395 31370
21332 95747 51821
47176 2567 71160
20748 15370 42470
73046 37418 64628
46359 21489 27764
18647 58680 80760
86387 74710 11754
67486 51739 27690
13208 17492 71688
70449 39607 46316
56544 84045 18329
20487 14486 16497
48807 12484 35562
72210 94045 3046
76534 74701 74868
9260 90374 21746
8343 74927 55221
73171 58449 4562
96196 20917 29216
28692 24084 67728
10030 6304 1643
55566 92955 925
66993 83306 78517
98435 28174 70351
58642 18164 6396
51241 48564 58046
97752 78756 87652
60649 33817 21841
96159 45518 23171
87889 94934 49228
94140 71558 79922
48617 63046 70856
87431 49815 29303
84457 84896 19435
61789 77334 1324
97428 34724 86233
14815 78044 98185
98505 47838 75359
49740 405 63949
26949 36860 41050
13691 42824 82214
29785 18986 40114
51133 12066 22433
98072 9785 40613
86221 56922 97294
34362 96085 78889
90657 41138 77406
35928 33316 39951
8111 30184 40725
77524 23224 92623
13249 32532 5343
95289 72561 1395
1143 53348 77060
30459 14695 88288
7953 25063 8961
67743 67206 81044
24538 43216 42055
75215 55738 82962
86057 37904 72706
9656 27034 25615
13149 59195 5538
47649 30161 48795
26213 45853 45615
52461 68330 44203
69564 85265 28353
43345 37994 82689
18116 50936 78856
8638 5685 66006
69701 20660 77871
84729 77742 68137
25943 17838 37382
6987 58761 969
27283 89207 37086
13347 19706 77921
45987 92518 4462
71519 79981 49083
7696 46951 51885
88273 30682 48842
57756 41458 95945
17412 64559 47530
3537 78367 43041
55644 51003 15987
53619 14384 68141
64948 27761 53924
12887 32569 39269
14702 95643 15988
18714 12942 90400
57894 54382 9227
45692 91056 88206
8298 45862 80040
72418 87715 39904
