100
9347 90406 42632
69004 47323 69964
58021 32773 71626
75680 2707 63608
73141 24003 76698
16055 977 79641
30830 95919 23287
45815 50344 59100
95374 85774 55783
45724 9748 95189
62169 57577 86304
82078 15764 90886
99245 81554 8501
15942 9446 62891
63362 39845 94932
6272 93677 42404
44739 25869 72771
84906 74225 3331
30700 95900 11978
35538 44389 35672
39179 1633 53186
18524 84538 40127
53629 92931 68029
9962 60919 94532
9848 86951 9203
45417 5597 32671
8654 23275 23718
61448 83953 3308
52238 1561 51309
42881 64985 6808
54460 25195 3247
22117 58017 25320
77111 13106 37624
1204 49104 11549
98166 61849 24466
97428 37433 99037
4567 40907 31008
16296 83154 63878
80704 49032 64004
98943 36811 6531
31276 78325 80185
28841 7045 24143
68359 66252 38074
24607 63395 66587
92690 51732 85396
42410 49769 55470
42785 28706 82258
70659 73824 41487
44716 36056 96892
82867 36317 92499
39754 4601 73870
23264 44910 34853
93730 81498 25724
98551 38177 96899
69716 90497 89709
29657 12107 99203
24155 24943 22827
10591 48952 95097
89154 23343 35812
68978 38525 5836
91675 73073 11382
88174 63114 27245
13282 37907 37426
37431 32441 74880
68013 23782 79555
17186 50395 44930
29625 30448 88598
83921 35188 23775
73841 50240 55537
94260 20153 63401
54853 86731 51966
94023 34879 75078
2463 69959 14884
96799 13186 99442
70793 45183 70909
7088 61176 29280
67192 15236 44753
41750 69609 13130
37834 60413 10004
38282 96028 89540
7244 96781 1931
54690 97959 27483
14849 59224 25871
89678 21554 40674
57993 55209 97577
27166 27302 45546
97010 40172 2550
24842 88806 50588
70862 31039 27778
37305 89488 52498
2653 75061 62565
33352 32955 92418
96714 86234 16858
4870 90150 25365
32995 44615 88925
10463 51246 34849
51064 74011 38684
68053 53010 62240
94473 71054 89288
20493 67713 34171
