100
63904 67626 54837
87925 27269 54369
14828 28271 85632
3024 63507 71035
29965 789 46023
37269 2453 53055
55808 92213 36116
8950 50272 40595
15363 2432 42552
34262 90619 62225
852 27908 96888
20976 69091 11571
9942 57715 28979
69529 53909 67197
72416 94888 38888
271 22709 64721
45487 60041 97210
58875 83384 96279
91481 1688 66730
69650 44068 81370
68511 50982 64861
33398 2911 79086
91955 9725 54247
44205 99116 51997
38311 69397 80669
9089 46102 22777
82684 41031 53913
62331 88728 88698
88013 61884 32831
13347 40444 98060
54466 87180 62171
50273 37937 92237
54214 54139 12093
92333 68071 82992
28713 96831 4298
91980 11611 3604
10644 17478 31650
38915 24654 95216
56280 30004 90637
16048 58012 88632
59795 44641 23805
90789 58090 16024
14588 66113 33564
44028 62554 7649
36132 69648 91101
24741 87851 3962
43417 5995 51763
6108 47468 90775
18437 73990 43477
89808 18756 67260
71522 52895 52302
30446 32058 99798
310 36220 59732
47066 64909 37826
519 97955 97024
17467 66388 32800
29315 68036 20037
6321 92572 60726
30926 47766 40323
28401 63308 23842
89067 51453 43262
36794 92824 45653
59209 33749 43180
97051 59279 13345
35452 9681 65704
34340 65232 59104
82174 65919 40278
39727 3757 99930
98465 35190 44815
72142 93765 63760
67206 81307 26671
97625 56408 88981
95695 76458 11349
69826 27224 33551
8206 14769 76529
6264 2169 24191
13726 43229 26064
52201 87110 77310
17942 95876 43329
11733 32513 10701
58342 58971 93649
74541 94080 84817
5251 93585 59623
98345 89182 39981
78095 38035 21154
14782 76501 68495
18907 65678 89878
86208 894 9726
9024 49779 61920
58110 38245 24157
9657 16903 98495
85960 89660 5854
27112 47063 47320
11584 47977 45707
50840 97998 96728
42372 9997 85714
3966 11732 48372
27126 45827 40380
23527 39982 5888
67140 12385 34473
