1000
36764 74525 72624
52692 67808 48769
14470 55 16805
42541 6444 6356
26434 20826 34837
93241 8825 21541
60224 85836 71439
80291 15723 15915
34215 60573 72727
11567 66333 72790
85448 63748 55462
81196 2576 47940
5733 91488 8007
4935 51715 29290
75512 71507 3228
41812 45670 17296
82482 10722 66862
81736 54593 47316
58883 88230 89650
73331 57509 40974
42183 37352 70297
51565 35722 88908
97293 73730 87232
516 15666 69417
68414 91953 3408
71047 88523 17701
84487 48353 51014
14032 12770 35901
62149 93714 23935
92332 63089 28285
69376 33964 10626
60023 47696 96322
58561 14781 25363
25693 20102 87358
63787 49190 76076
89898 35912 18553
70891 53268 58739
32628 80961 31655
20408 44689 79641
43309 26642 35736
29827 91499 97819
73176 4602 72756
18976 28992 52089
57772 37601 77920
24211 79561 68457
34454 66925 77089
96376 73591 87862
14151 99746 86596
36290 44133 4524
48642 32531 44838
49693 56786 17220
62118 8508 49819
45274 86681 93269
62775 76318 40144
31150 41670 88863
81086 69729 34820
46336 21146 26463
5939 57555 87605
19491 91857 74125
12013 93695 33448
65928 17538 72501
11591 16450 89989
74824 5688 49737
98051 8739 9646
38646 86349 72946
56652 57822 36793
30639 34235 98877
75738 57405 31458
94497 65733 55979
51734 56468 48498
5118 90118 10409
55466 61445 82688
73165 72559 24404
3856 96400 77313
74125 21688 23802
90317 64444 4293
33977 33308 72750
9974 58461 47560
75667 82004 25147
29820 93231 15094
99302 33028 16454
81390 51292 14039
86349 22737 34771
6886 24265 70573
73108 39524 97754
31085 50376 71864
39244 33599 39194
72779 79452 81522
70608 21767 31893
97384 97461 16237
89160 29085 70094
17980 44079 34552
20730 48007 66498
52219 75391 85362
60409 88947 49563
22011 11805 62291
78475 11150 49160
45898 85413 32234
13483 31651 96511
48260 49121 72984
7236 6919 28012
87919 90260 73483
33403 17651 97010
93918 44413 50633
36706 99983 78979
19727 46713 53492
7557 29026 82886
30418 79048 59108
51501 92174 969
80528 13636 72396
71201 55919 59087
92232 70006 49237
36095 87385 62939
83400 43484 21384
41381 77124 41504
1218 3206 32284
6100 22958 84934
50688 69554 73687
23042 9768 11813
51494 4072 93843
47972 22866 58798
67716 89798 59289
92029 1007 36626
47584 93086 70879
54579 4398 57411
87954 17864 52009
11587 3067 24438
22442 12430 95370
22330 58233 53983
10748 86827 28755
79501 45672 3236
2096 69857 41163
4680 48947 99805
24369 78413 58865
23139 75326 49012
23584 74412 62051
83982 63964 22887
94856 13396 77829
93110 84836 67078
49043 87630 18536
23239 99584 12870
12936 35034 47147
25271 6810 7276
94387 64449 96495
25122 71941 45024
35000 28831 25439
92121 26531 45022
12730 87988 52582
4402 14182 53582
31674 45274 62672
32613 72756 30020
2428 26680 43013
19954 65214 49265
85326 34515 47534
33061 96923 6621
26564 1387 1351
91168 48377 41377
25612 67706 82374
45241 23278 20065
31064 92949 79124
12267 71516 48139
55806 9173 70496
22928 41865 68543
532 52643 1136
55007 51123 83226
8330 6078 5108
90485 96554 65124
85902 64092 15203
3021 67 91009
94169 2799 27833
18546 18591 89593
69152 12673 10891
39800 26466 76007
97511 56296 63948
73049 52069 19285
39793 41206 77452
49840 14096 24363
96736 99794 86114
67113 61767 88380
4291 39298 70087
92486 91330 25164
52459 15789 35424
78688 12028 97304
75492 6204 88504
10001 10026 31791
75900 52596 1707
70429 96708 95557
61507 11783 55245
35633 29596 26629
92931 80744 26591
16357 82816 87686
98513 77373 78341
88384 51900 96919
6608 57346 47243
45842 43827 48504
20280 89553 42360
20869 35777 37536
16369 64115 44139
71605 26281 5638
52208 97817 3517
33146 90625 20607
81638 30718 55259
98479 85183 66859
96242 24529 11053
20110 63085 7490
99801 36322 98791
82377 60334 27543
12803 36850 58321
76145 207 69596
19892 41245 95614
16433 33045 89379
63841 57508 28087
25678 94784 23680
72858 44840 32966
40316 79178 6889
10817 94316 39233
78697 22123 49656
68374 32691 10245
18148 39704 16630
27666 24050 50636
22054 34991 70972
70643 76965 2458
36349 63400 15940
23058 64475 26872
33284 80027 93227
95559 78868 31656
98778 82682 88738
10400 532 63400
6034 75105 89821
15599 11894 42601
59560 89273 35483
10359 3378 1810
8288 59060 76585
43554 84242 79871
36323 92348 24678
29916 49360 38842
15229 48628 61696
58817 73952 98387
70398 69735 93210
38956 60173 26378
59521 94465 73700
13556 72580 72028
27918 92541 79727
66468 90446 42307
77943 19900 84940
36749 84874 70689
24763 64955 82707
92800 71900 86688
32338 81617 67470
91147 67321 27635
80237 36953 7
37990 64722 56046
67290 66823 57743
28673 77740 1947
14354 39923 30132
30854 75588 94220
34293 88828 60366
86033 62141 65301
29862 34430 46092
54886 68481 81524
77368 9862 64723
80109 38575 4119
3158 81644 90103
80758 938 5101
10240 62718 78329
50247 6090 16983
88582 14839 89813
77328 5599 56771
95098 98302 51448
98227 70 99269
52338 11862 38061
93828 98538 24458
26060 45822 44656
75742 9470 20363
87667 56633 3754
18582 77126 10474
27834 11657 13914
35765 70146 466
62451 42487 3559
66421 38818 40170
55569 8580 35645
6269 63173 27813
46259 16932 64634
96512 60955 15124
20096 80548 33785
58612 30326 56930
98043 51209 24391
97178 23031 36386
5748 78793 94846
55531 47602 39564
98905 95549 74972
59833 3425 11892
79556 41755 90875
78160 73576 69376
26594 91636 14544
25939 19407 75821
99291 45989 50003
57362 99656 95507
65862 97931 93045
86161 64343 35911
24659 88772 31503
63862 90300 43001
92211 3575 63786
77015 9790 50212
26092 78621 17794
74804 62007 79358
15440 30066 44086
80082 55245 54886
22788 47334 22717
67514 26695 2136
89708 10232 56464
29219 12582 98301
20502 13975 93686
33061 37312 5106
35040 33128 47001
32034 39417 94683
33829 84517 36649
38278 86648 2477
69474 83105 1777
66055 95817 15237
82359 99609 92108
10024 24070 86713
68848 29428 97678
43537 12709 79547
74670 67752 24254
93788 51003 62116
25248 9782 64905
88438 68761 76917
4262 71189 54925
5374 64321 39623
57044 16744 27369
82192 22083 70054
15359 88310 75989
96660 79274 77476
55035 99425 53234
61478 36112 3714
7586 1426 98405
34211 86987 82349
20551 86615 42486
96083 65253 6513
55266 4458 25121
91330 32406 30506
78818 55800 16246
98247 8159 40046
51320 66589 22134
40089 23233 76821
52593 52773 49855
23753 92798 27132
50346 25807 19638
53233 2708 70321
8418 94930 41987
69410 51713 78121
64651 16893 47122
37407 65821 41379
72 68640 1479
29590 80275 30330
61372 35590 75575
81032 37841 57760
60095 7528 46918
7825 72533 37130
9767 76661 11750
68870 81324 70800
10538 76723 96453
28716 71266 54827
52401 54337 88614
73965 86335 95689
77544 27800 79731
79330 78151 65999
56972 58025 72687
77490 45716 94405
80223 3670 74355
14741 86631 75630
92751 8380 1364
51614 48043 21987
91717 27431 16994
70186 3923 3020
43016 87334 43127
44449 53121 50241
47066 54006 69801
64556 54184 34487
54235 10111 66723
31839 52240 16815
6214 55615 81128
31804 28646 95809
90167 96575 64225
62014 76389 61751
31252 98540 15611
88730 65148 76509
33709 31360 43025
36555 84935 20127
2234 48716 79432
99039 92431 91217
50626 11836 14419
2520 39625 89866
14898 53718 12275
20020 96393 67367
30343 64424 26669
12209 77111 25961
52833 6008 87301
20987 99987 13231
8029 19324 14309
68548 94312 4951
21131 10186 4494
13418 86038 31655
7358 29876 96186
25507 76030 75055
40443 99804 6512
53399 71163 94422
56985 39662 15139
10669 62736 40879
65732 29614 94544
49342 45785 65706
51250 46106 90856
93518 24641 88478
26336 70199 93013
48970 37346 13169
77165 39702 33985
70442 21814 28489
30883 10399 50698
90792 22179 70907
73002 61529 7493
79252 55333 83566
57667 48347 31568
88121 4447 91644
51232 27156 6383
60756 84808 52660
94939 53796 26497
93768 10138 30520
28674 98345 19665
90215 891 45874
89132 81747 78903
76906 30289 67791
64484 31984 97043
19646 78557 67154
74899 84299 60764
1626 36995 64282
58465 44288 15729
89811 3777 32148
39276 47420 15414
51478 15275 14045
47984 71291 17694
83049 19989 5792
57515 29140 45707
3805 71814 95656
46306 66718 30732
96422 63588 53151
48264 80209 97760
37442 24778 35383
67507 37828 98739
65788 92601 35946
25258 90039 71949
98330 38655 3043
75951 19363 12571
11226 97312 4237
14951 22775 69955
44681 34552 83701
18695 22183 39087
49396 97138 92964
11477 66723 3310
79810 79613 55101
82001 98049 48581
58868 96095 4552
62773 19799 59101
40478 83296 60129
112 77195 19671
41310 28715 71007
44675 78989 12380
31727 85974 97929
71564 64967 77101
88102 9113 55595
50148 74162 11973
77056 27405 90827
92057 15036 77264
55830 77207 42839
75310 92318 40465
10510 8696 98259
93090 87547 69441
7383 77826 49098
79163 71758 82336
73817 38235 90651
93480 79988 46960
31094 21597 49845
51464 70180 64401
13844 31943 19400
10681 48105 45688
29826 48781 86258
77142 58629 7243
34868 67045 84885
14800 80490 68113
99838 34199 84733
84510 41447 45638
12751 23372 84066
76254 5976 97867
35028 63366 91976
13444 96079 20438
64058 37967 68866
49659 4246 2015
51449 48172 54688
47490 34011 43589
6860 30867 22892
95696 35799 66602
43515 78765 59094
51561 72241 36616
31764 37122 32896
27339 1970 54698
4088 85416 25783
3921 74026 75131
62833 78378 76981
39474 76894 74381
85659 38930 72034
31540 97903 23549
89884 80381 58673
2909 58817 23911
3427 30137 99855
60765 13158 42583
74036 66308 82103
14307 37307 34346
19686 52932 9877
62258 74862 26961
45267 26118 71373
4639 91543 82273
14659 2795 91919
36065 41164 17991
30528 50178 94308
98067 99067 42100
19890 58564 65685
59119 10650 5700
65093 72115 82733
77644 68451 73378
41734 14675 38308
45389 39313 39717
58973 38577 88159
6830 92909 79032
5354 493 18163
16327 11223 69684
19334 22744 34662
84704 50654 60164
62948 75328 73216
22582 89013 75140
98911 83607 66287
54203 84538 2741
77806 32998 30754
59116 87571 93811
4277 21751 37
4372 27374 59600
46211 54102 63838
40650 10178 95358
67303 8429 80183
95112 18532 3499
41514 53896 52000
94566 45182 46177
79985 11025 96054
96871 79897 45160
7800 81563 80495
68159 6660 40580
23598 98243 15310
65716 19753 75749
52833 2167 67171
60919 47033 94521
95972 24202 24030
25031 76316 85021
87020 94534 56208
37131 45623 67577
59620 91567 42882
9513 55521 48495
41695 78081 40048
64851 69536 12652
9286 86005 16655
61809 85122 95068
77109 60182 28146
81460 37728 98740
92605 78747 81810
49139 61436 58849
22150 57326 4426
4946 43127 38530
67264 42229 82850
12964 85271 4131
3278 475 24417
35682 33910 24254
18874 55540 80299
92395 76748 3905
51685 43528 98295
66766 14407 8421
89967 61198 11647
36911 16319 76529
69624 24762 10958
12350 56586 10705
42025 49478 72849
56208 90069 21879
76989 55081 84971
71787 3295 24981
31021 1017 51545
83108 41596 84370
23126 37769 30788
93826 94545 82681
29419 31738 35391
59821 371 40413
84510 11687 15485
41249 20415 84368
25527 52312 88464
60842 20646 35988
79754 17581 80807
57005 92704 55179
11557 95615 21729
936 74291 89817
19601 92587 28634
24063 16675 4568
17270 84888 48157
16898 10969 39690
32171 45321 42661
32501 2455 42654
38834 31126 9413
52524 49359 4002
82576 59098 81844
15289 8045 97642
60124 64562 83460
792 23798 3907
76194 26974 89078
76395 80614 9227
10731 66208 907
55159 19173 43654
27049 17734 61620
3272 38428 51238
70342 51462 35309
1491 15443 64259
31270 36138 88434
48132 95855 45910
20752 69761 78849
50626 27336 37006
88715 19650 16555
2989 66598 22619
8422 62182 97391
25815 70065 67871
84183 93761 56668
25658 47681 77385
62190 65617 52875
39960 46940 70634
75947 27968 17821
29939 17118 40050
43185 42371 32076
55230 7413 38339
84449 85550 77162
63295 54394 91393
97934 36629 7261
98469 76669 71133
26638 76826 36861
57809 21929 87921
78906 9793 14425
77984 84003 65211
66159 84101 5903
87923 81100 46489
62777 96243 90500
81399 74874 86911
56113 1288 83657
94753 27806 25466
54696 63025 29363
45661 96822 61181
22620 58103 1574
77131 32586 55156
50252 55995 2837
59179 55926 21842
87430 68351 70475
98308 62298 92614
95598 23497 95830
97766 82428 83017
60776 96667 48778
97472 1332 46574
60628 62669 98911
26630 81812 20865
34061 44842 15205
25063 78408 85263
74395 5847 96707
28916 87486 17766
55568 9858 10129
50981 48351 85482
31370 43572 51242
26531 30171 88218
86184 92115 84435
50581 31548 65814
59960 6150 43019
34142 90911 38964
18737 50549 69774
84867 97040 80958
17528 978 20197
15538 69374 37717
77917 51203 49056
60700 60970 14441
21269 69631 47663
89080 11208 22373
32143 53990 28479
98979 44464 64414
93015 9326 18128
77337 40140 50789
61561 11202 94658
51517 13316 75526
91790 11715 8106
35627 48075 8240
45460 15150 20961
5250 34747 22615
45418 45424 86523
79144 95508 68632
51894 58755 87012
98661 60819 46371
34910 91516 19420
33665 41315 42649
52284 39728 4445
59683 14585 93208
60020 76779 22501
83396 83734 79212
32695 95192 10484
11422 8354 81442
93714 67229 11803
3274 14092 39886
86268 31846 25430
10320 66597 30986
81674 11240 60720
387 95751 88762
70890 15685 11276
48785 55842 5541
71820 81192 80197
75609 2633 81977
71890 71485 82570
85042 74685 29733
51236 27264 45803
4216 54943 97150
70466 30603 92293
22743 61705 6826
88785 42984 70127
80863 6834 31960
50084 78039 28650
77391 28518 93654
35594 25682 31474
58506 57862 92946
68362 23485 26876
13484 12977 38046
5881 91043 57577
74955 18614 3748
925 77328 92777
45184 53715 66634
9245 71050 84294
55300 98322 69669
44861 63533 4250
68135 11755 10391
38166 75745 88554
49097 14805 18879
82401 31156 1498
62055 45740 96393
64441 18809 6039
89531 61478 64679
94442 49749 16027
37021 72963 15395
60911 12065 18512
13094 621 22814
929 85265 53211
24512 94280 35650
64431 93197 71432
48031 49388 59210
58190 82875 12637
14286 87684 53374
76081 9881 99822
54280 29773 59439
22703 54610 12517
36430 96423 84846
78090 30964 16633
76394 55270 44849
41378 80544 15149
79155 16208 82092
96349 69089 30497
75798 94146 77977
7562 75136 46082
39209 12963 19745
479 97015 55378
25632 11390 98040
72204 10219 69813
82699 17634 21153
94176 83097 72106
6919 29798 86672
70925 41837 73195
92484 34224 64229
37560 51638 35912
56725 61663 53647
90043 13678 17320
67158 87522 17872
2766 83819 66035
6291 41445 95442
79130 14897 72121
15548 48012 7009
64388 14982 50179
57401 81154 35691
47610 93386 52317
36634 25053 92616
60506 5857 30291
21995 57730 84270
16969 16368 15948
26026 41704 37123
42683 58421 26812
39232 13160 26818
3922 48696 2524
53187 27156 96243
46187 67597 72626
19218 47488 76135
90407 98116 3523
15072 18067 16226
33852 11469 57751
29077 85275 69599
35021 33279 26800
9546 6190 62992
82132 77516 37968
40505 57156 66683
98358 58905 160
64366 14546 42189
77913 47711 80515
81497 76926 58714
53701 9429 97888
2986 39620 51126
60196 54467 6337
81619 40987 73045
72252 22539 23875
79361 94385 62913
68680 23328 28758
51589 76902 24004
8317 72174 97479
30188 4929 49676
93348 89822 25286
98738 75784 95792
8 77048 25425
13621 74912 46796
53235 96831 11496
35302 39364 15950
37556 19132 56818
54936 66799 2171
84085 77028 49724
39258 39203 22337
14398 29161 80484
80316 71339 3719
40869 77134 51845
76231 66520 8155
16481 83105 2720
17205 31751 13644
59560 16641 48662
276 69257 53347
81971 36899 48846
14326 13427 86875
85065 50621 57500
34872 73995 53273
70468 80923 96823
17094 29532 86570
70532 58546 36569
61555 39542 58856
23060 22133 34402
18475 94832 47736
29258 35635 24600
24085 58315 58128
25804 85620 47340
55691 83419 90654
23041 71681 42670
90046 61050 20172
54564 58735 97474
35469 68039 74372
73996 44989 96698
41219 41445 14299
35539 35457 4387
66782 18421 50879
23720 51915 18351
64818 75480 27585
53590 22075 66765
96778 82048 13784
23078 8100 32593
70367 70838 64714
39277 37098 2928
7679 43497 27954
90829 6223 40903
98914 33226 69542
98955 43190 64443
91975 36601 56546
10203 71129 78787
50678 70809 82650
92194 98247 21728
41214 11493 14730
72409 40186 20340
79773 17611 19
31982 95461 81684
66253 53955 31066
4586 48983 46391
26408 68400 43594
53838 63823 57246
67409 22479 32278
84776 2297 56141
37721 71326 37539
98188 41204 42821
96575 88109 97012
729 14872 3341
91345 59029 97848
31146 25666 24829
74104 27794 17546
31841 47198 72896
60722 56921 17960
78905 54720 83021
73885 84295 66743
41466 63076 42128
12044 92629 95641
66178 14092 8047
61225 54220 12954
35602 53972 98746
86745 1366 63030
61220 90861 72364
65856 28892 45541
97366 46687 85956
21165 91567 95388
1924 31094 56989
39996 29466 2980
84905 38802 63286
11671 53889 19143
11459 78956 54024
47220 63192 83776
95593 32286 58507
38321 96742 83215
96163 6764 65022
82044 50592 20540
46603 65495 89040
53288 2826 78930
11381 76651 10208
57542 75695 58070
33966 73438 63798
61058 60380 55901
38584 49771 53158
95753 64515 22125
94097 43711 57565
41880 61438 58657
6786 68380 95224
22278 52810 56187
80129 92041 5030
23436 42092 11081
25698 27924 26699
55275 79147 45249
62388 44040 43976
65421 1059 91650
96495 18587 96204
34858 21756 38518
4135 15338 53021
89052 95143 93246
91042 99923 58468
23722 30356 7176
32997 14838 89793
82088 49180 92970
13112 35591 24843
96252 27680 79697
12355 35350 46306
85097 91607 64102
66880 44650 7248
45194 550 96214
27626 29303 36270
66971 77677 80423
96703 38539 38758
46430 68671 64229
99492 58780 74568
73324 63620 85566
7808 54176 32323
95944 91341 28114
20101 6676 84361
38436 69634 96411
36634 76395 52919
19690 54282 97973
71407 70243 51657
79925 13308 5387
77347 72267 40628
48364 96311 79494
28352 71607 26309
17643 33352 91874
57233 57772 89489
38574 17629 22771
27969 78356 58169
97072 45435 73554
44733 60988 82075
95036 92390 71159
48132 45648 68737
32166 80108 18871
51838 87370 29433
72291 63810 97810
58512 7521 90158
31473 5241 40647
91015 96256 53445
59080 1568 68010
34471 27087 72435
25750 48845 34278
98018 8400 42262
93954 32665 40517
82169 20051 54792
34382 68234 19580
80572 25585 67144
75761 42242 23803
12480 69886 58026
59338 89745 14509
41890 76373 91074
85289 50354 95601
62086 95902 83301
70639 56461 29135
9098 3792 98100
39024 24586 73314
71052 94066 50513
