1000 2000
2 1
3 1
4 2
5 4
6 3
7 2
8 7
9 2
10 4
11 1
12 9
13 12
14 8
15 7
16 6
17 16
18 17
19 14
20 12
21 1
22 3
23 18
24 10
25 22
26 20
27 20
28 19
29 8
30 27
31 5
32 9
33 7
34 26
35 34
36 17
37 19
38 22
39 38
40 38
41 27
42 41
43 40
44 38
45 29
46 17
47 12
48 42
49 16
50 32
51 46
52 22
53 48
54 2
55 35
56 43
57 6
58 29
59 16
60 47
61 11
62 46
63 39
64 50
65 10
66 20
67 30
68 54
69 38
70 38
71 16
72 34
73 17
74 50
75 20
76 2
77 69
78 8
79 45
80 24
81 11
82 80
83 17
84 12
85 79
86 29
87 33
88 5
89 31
90 30
91 43
92 30
93 37
94 89
95 32
96 81
97 36
98 38
99 85
100 3
101 70
102 84
103 2
104 69
105 100
106 16
107 88
108 107
109 100
110 11
111 27
112 97
113 78
114 34
115 112
116 51
117 15
118 94
119 89
120 81
121 30
122 114
123 63
124 77
125 32
126 13
127 82
128 113
129 89
130 100
131 6
132 94
133 73
134 8
135 87
136 54
137 78
138 23
139 38
140 115
141 31
142 99
143 22
144 127
145 110
146 141
147 116
148 114
149 82
150 149
151 80
152 93
153 55
154 6
155 12
156 3
157 154
158 54
159 138
160 131
161 33
162 140
163 69
164 157
165 108
166 11
167 92
168 8
169 43
170 155
171 56
172 53
173 136
174 97
175 29
176 172
177 15
178 71
179 92
180 120
181 40
182 73
183 43
184 141
185 97
186 98
187 93
188 45
189 175
190 52
191 96
192 50
193 38
194 103
195 6
196 138
197 17
198 188
199 84
200 139
201 104
202 158
203 131
204 35
205 97
206 77
207 136
208 86
209 1
210 144
211 4
212 63
213 171
214 65
215 132
216 77
217 164
218 176
219 83
220 127
221 133
222 17
223 105
224 18
225 163
226 84
227 23
228 175
229 27
230 158
231 188
232 164
233 25
234 179
235 226
236 68
237 169
238 130
239 125
240 130
241 213
242 179
243 209
244 233
245 190
246 69
247 197
248 196
249 194
250 165
251 143
252 146
253 184
254 197
255 117
256 241
257 206
258 10
259 192
260 39
261 226
262 198
263 244
264 23
265 4
266 137
267 128
268 59
269 246
270 74
271 46
272 191
273 11
274 9
275 118
276 241
277 120
278 124
279 148
280 141
281 132
282 152
283 197
284 183
285 154
286 99
287 156
288 30
289 193
290 93
291 152
292 49
293 19
294 163
295 239
296 94
297 85
298 285
299 269
300 289
301 193
302 187
303 231
304 188
305 96
306 301
307 48
308 273
309 201
310 237
311 105
312 98
313 135
314 115
315 267
316 64
317 8
318 155
319 253
320 316
321 296
322 293
323 164
324 39
325 47
326 9
327 130
328 294
329 49
330 177
331 41
332 67
333 321
334 225
335 102
336 216
337 90
338 42
339 261
340 89
341 180
342 21
343 299
344 72
345 344
346 46
347 28
348 68
349 50
350 240
351 331
352 18
353 75
354 36
355 16
356 48
357 307
358 114
359 27
360 108
361 347
362 93
363 276
364 273
365 148
366 365
367 24
368 196
369 262
370 349
371 211
372 148
373 57
374 40
375 235
376 154
377 248
378 112
379 358
380 188
381 174
382 251
383 196
384 177
385 349
386 361
387 96
388 343
389 103
390 274
391 363
392 192
393 147
394 52
395 305
396 157
397 135
398 280
399 87
400 114
401 124
402 42
403 204
404 366
405 90
406 288
407 297
408 251
409 31
410 325
411 227
412 344
413 238
414 200
415 131
416 366
417 19
418 383
419 215
420 114
421 27
422 256
423 358
424 223
425 403
426 229
427 113
428 401
429 44
430 131
431 124
432 424
433 85
434 391
435 4
436 200
437 389
438 358
439 346
440 338
441 134
442 299
443 286
444 142
445 431
446 88
447 351
448 301
449 336
450 379
451 274
452 8
453 168
454 292
455 266
456 202
457 72
458 411
459 18
460 148
461 181
462 219
463 72
464 239
465 71
466 66
467 224
468 333
469 83
470 390
471 94
472 28
473 272
474 138
475 217
476 19
477 342
478 457
479 222
480 320
481 148
482 464
483 307
484 257
485 234
486 390
487 476
488 183
489 121
490 174
491 331
492 186
493 486
494 325
495 458
496 178
497 126
498 448
499 359
500 491
501 194
502 16
503 382
504 98
505 64
506 57
507 493
508 22
509 76
510 116
511 357
512 229
513 177
514 430
515 97
516 115
517 202
518 256
519 504
520 483
521 60
522 348
523 18
524 418
525 418
526 290
527 432
528 517
529 257
530 312
531 510
532 25
533 334
534 106
535 316
536 217
537 447
538 323
539 1
540 417
541 107
542 224
543 156
544 386
545 244
546 431
547 68
548 174
549 472
550 538
551 394
552 358
553 426
554 488
555 51
556 309
557 279
558 414
559 67
560 431
561 154
562 510
563 518
564 85
565 436
566 316
567 437
568 243
569 428
570 526
571 231
572 61
573 50
574 564
575 535
576 504
577 400
578 43
579 450
580 285
581 460
582 417
583 480
584 431
585 224
586 531
587 548
588 470
589 277
590 184
591 128
592 295
593 305
594 417
595 383
596 83
597 191
598 116
599 64
600 289
601 275
602 180
603 294
604 521
605 466
606 355
607 44
608 212
609 408
610 517
611 91
612 492
613 417
614 612
615 210
616 522
617 521
618 256
619 283
620 79
621 145
622 523
623 475
624 38
625 611
626 219
627 397
628 577
629 85
630 605
631 129
632 405
633 240
634 436
635 315
636 27
637 13
638 328
639 308
640 350
641 304
642 219
643 280
644 45
645 199
646 148
647 619
648 232
649 432
650 283
651 512
652 385
653 337
654 472
655 240
656 209
657 244
658 217
659 180
660 13
661 361
662 28
663 566
664 171
665 27
666 493
667 501
668 420
669 524
670 515
671 265
672 516
673 500
674 577
675 263
676 487
677 214
678 663
679 160
680 611
681 547
682 400
683 20
684 402
685 164
686 24
687 207
688 686
689 419
690 91
691 294
692 512
693 459
694 569
695 100
696 260
697 240
698 138
699 370
700 70
701 436
702 525
703 190
704 319
705 184
706 504
707 33
708 648
709 583
710 104
711 20
712 654
713 257
714 294
715 129
716 219
717 360
718 677
719 705
720 713
721 304
722 144
723 423
724 475
725 429
726 78
727 42
728 474
729 525
730 604
731 567
732 501
733 538
734 306
735 108
736 282
737 335
738 290
739 294
740 436
741 286
742 654
743 51
744 691
745 588
746 40
747 4
748 136
749 123
750 85
751 523
752 146
753 172
754 261
755 639
756 383
757 455
758 477
759 571
760 556
761 172
762 678
763 573
764 755
765 639
766 508
767 416
768 649
769 22
770 599
771 255
772 238
773 457
774 677
775 727
776 34
777 169
778 1
779 35
780 214
781 465
782 361
783 424
784 500
785 319
786 80
787 750
788 530
789 67
790 633
791 752
792 147
793 28
794 330
795 428
796 414
797 753
798 361
799 369
800 640
801 89
802 770
803 777
804 642
805 364
806 63
807 658
808 650
809 551
810 54
811 329
812 192
813 798
814 125
815 535
816 161
817 619
818 432
819 18
820 551
821 500
822 387
823 777
824 790
825 200
826 199
827 207
828 632
829 704
830 722
831 785
832 468
833 309
834 381
835 564
836 498
837 766
838 359
839 80
840 466
841 408
842 351
843 658
844 338
845 548
846 588
847 108
848 79
849 730
850 142
851 526
852 725
853 810
854 658
855 514
856 241
857 698
858 324
859 848
860 796
861 678
862 705
863 424
864 531
865 509
866 192
867 497
868 39
869 43
870 375
871 336
872 586
873 369
874 724
875 114
876 747
877 37
878 29
879 5
880 215
881 314
882 299
883 214
884 167
885 491
886 711
887 819
888 681
889 35
890 460
891 388
892 876
893 596
894 129
895 76
896 806
897 549
898 105
899 332
900 147
901 689
902 628
903 224
904 99
905 112
906 513
907 97
908 382
909 450
910 663
911 512
912 821
913 200
914 703
915 504
916 778
917 658
918 31
919 230
920 286
921 10
922 475
923 767
924 384
925 780
926 214
927 350
928 286
929 871
930 879
931 769
932 274
933 296
934 331
935 559
936 4
937 379
938 792
939 110
940 146
941 388
942 193
943 795
944 241
945 494
946 836
947 576
948 196
949 342
950 757
951 168
952 769
953 543
954 884
955 527
956 111
957 915
958 208
959 9
960 713
961 863
962 189
963 891
964 276
965 232
966 161
967 45
968 167
969 822
970 467
971 164
972 107
973 386
974 314
975 442
976 416
977 318
978 24
979 418
980 381
981 306
982 93
983 516
984 486
985 40
986 814
987 583
988 808
989 152
990 80
991 967
992 596
993 641
994 829
995 8
996 237
997 39
998 760
999 270
1000 890
2 277
2 363
2 777
2 968
2 388
2 687
2 995
2 746
2 637
2 79
2 324
2 914
2 202
2 844
2 697
2 367
2 530
2 543
2 715
2 517
2 134
2 774
2 407
2 964
2 284
2 264
2 334
2 573
2 895
2 177
2 280
2 582
2 455
2 448
2 821
2 924
2 482
2 688
2 802
2 519
2 295
2 639
2 586
2 902
2 53
2 911
2 535
2 16
2 345
2 725
2 489
2 981
2 423
2 327
2 822
2 548
2 683
2 806
2 672
2 423
2 125
2 581
2 898
2 419
2 911
2 504
2 621
2 833
2 565
2 91
2 981
2 246
2 711
2 506
2 479
2 244
2 723
2 113
2 991
2 846
2 535
2 425
2 287
2 502
2 880
2 276
2 501
2 235
2 338
2 191
2 991
2 572
2 733
2 99
2 367
2 893
2 85
2 166
2 626
2 623
2 839
2 936
2 142
2 260
2 428
2 1
2 70
2 227
2 482
2 252
2 877
2 325
2 925
2 975
2 450
2 228
2 292
2 777
2 274
2 381
2 479
2 576
2 997
2 233
2 354
2 263
2 362
2 101
2 360
2 888
2 299
2 372
2 945
2 729
1 791
2 273
2 225
2 606
2 888
2 567
2 645
2 280
2 309
2 500
2 569
2 547
2 261
2 146
2 369
2 785
2 597
2 182
2 234
2 905
2 397
2 854
2 978
2 358
2 13
2 728
2 486
2 888
2 170
2 244
2 472
2 136
2 361
2 16
2 802
2 101
2 596
2 263
2 31
2 110
2 700
2 892
2 55
2 282
2 399
2 979
2 443
2 825
2 282
2 469
2 826
1 669
2 811
2 951
2 36
2 934
2 774
2 359
2 909
2 297
2 410
2 97
2 657
2 30
2 485
2 684
2 822
2 150
2 755
2 720
2 560
2 585
2 92
2 601
2 382
2 868
2 314
2 577
2 427
2 877
2 254
2 79
2 749
2 413
2 590
2 27
2 953
1 462
2 664
2 188
2 717
2 576
2 471
2 768
2 982
2 129
2 551
2 314
2 28
2 30
2 578
2 83
2 44
2 173
2 460
2 501
2 916
2 420
2 108
2 231
2 946
2 596
2 356
2 893
2 301
2 882
2 122
2 939
2 938
2 346
2 18
2 354
2 181
2 267
2 626
2 444
2 737
2 638
2 301
2 324
2 799
2 533
2 128
2 587
2 138
2 869
2 130
2 670
2 897
2 99
2 531
2 959
2 278
2 282
2 471
2 948
2 802
2 272
2 232
2 199
2 430
2 808
2 153
2 618
2 473
2 647
2 404
2 760
2 322
2 723
2 960
2 580
2 635
2 525
2 486
2 169
2 688
2 607
2 553
2 307
2 395
2 434
2 658
2 726
2 313
2 615
2 371
2 486
2 82
2 579
2 897
2 954
2 335
2 171
2 977
2 797
2 294
2 5
2 265
2 955
2 475
2 295
2 343
2 230
2 566
2 218
2 696
2 473
2 160
2 989
2 398
2 390
2 443
2 218
2 963
2 425
2 587
2 340
2 481
2 905
2 168
2 794
2 463
2 257
2 687
2 245
2 154
2 331
2 293
2 731
2 767
2 106
2 768
2 257
2 227
2 706
2 874
2 608
2 940
2 666
2 855
2 521
2 886
2 116
2 387
2 290
2 150
2 150
2 443
2 443
2 911
2 942
2 20
2 260
2 9
2 882
2 533
2 162
2 831
2 72
2 854
2 17
2 455
2 354
2 649
2 551
2 354
2 987
2 430
2 485
2 629
2 100
2 882
2 567
2 676
2 923
2 643
2 72
2 84
2 569
2 117
2 43
2 384
2 979
2 550
2 885
2 453
2 931
2 30
2 720
2 956
2 470
2 254
2 652
2 382
2 339
2 358
2 412
2 451
2 167
2 677
2 841
2 735
2 420
2 167
2 712
2 53
2 502
2 950
2 352
2 734
2 935
2 117
2 610
2 564
2 494
2 512
2 399
2 136
2 211
2 57
2 832
2 16
2 228
2 843
2 917
2 324
2 683
1 408
2 435
2 338
2 610
2 776
2 77
2 159
2 666
2 739
2 589
2 983
2 500
2 137
2 687
2 603
2 591
2 546
2 940
2 130
2 74
2 155
2 245
2 593
2 613
2 233
2 490
2 483
2 454
2 804
2 472
2 759
2 167
2 532
2 825
2 178
2 465
2 610
2 185
2 757
2 79
2 947
2 469
2 337
2 117
2 433
2 660
2 95
2 307
2 837
2 647
2 207
2 161
2 905
2 288
2 180
2 1000
2 310
2 125
2 462
2 435
2 927
2 135
2 92
2 93
2 905
2 450
2 151
2 594
2 538
2 199
2 604
2 341
2 239
2 511
2 292
2 223
2 880
2 156
2 281
2 387
2 274
2 211
2 772
2 330
2 113
2 541
2 126
2 358
2 882
2 370
2 633
2 515
2 138
2 650
2 857
2 94
2 754
2 691
2 867
2 105
2 306
2 695
2 23
2 735
2 858
2 454
1 11
2 841
2 408
1 1000
2 187
2 980
2 868
2 267
2 964
2 368
2 298
2 153
2 902
2 987
2 328
2 704
2 336
2 105
2 393
2 552
2 124
2 819
2 498
2 235
2 593
2 794
2 328
2 702
2 428
2 965
2 771
2 357
2 18
2 658
2 198
2 122
2 932
2 1000
2 270
2 302
2 165
2 458
2 866
2 702
2 847
2 229
2 731
2 919
2 282
2 691
2 401
2 291
2 970
2 349
2 108
2 389
2 448
2 753
2 950
2 818
2 931
2 476
2 720
2 310
2 70
2 366
2 698
2 275
2 862
2 791
2 195
2 331
2 826
2 244
2 332
2 344
2 802
1 38
2 117
2 231
2 553
2 194
2 683
2 89
2 400
2 237
2 803
2 128
2 121
2 782
2 352
2 788
2 665
2 89
2 972
2 931
2 802
2 839
2 621
2 921
2 416
2 894
2 459
2 782
2 476
2 698
2 433
2 382
2 653
2 782
2 82
2 265
2 589
2 294
2 582
2 994
2 886
2 578
2 69
2 823
2 952
2 128
2 619
2 149
2 112
1 37
2 590
2 257
2 565
2 319
2 154
2 445
2 496
2 990
2 43
2 302
2 852
2 660
2 827
2 661
2 760
2 493
2 205
2 811
2 568
2 140
2 805
2 959
2 347
2 294
2 82
2 665
2 959
2 136
2 486
2 99
2 35
2 665
2 868
2 338
2 876
2 118
2 238
2 902
2 509
2 609
2 39
2 129
2 56
2 906
2 135
2 850
2 352
2 801
1 310
2 561
2 630
2 517
2 822
2 376
2 608
2 116
2 767
2 127
2 757
2 318
2 15
2 450
2 716
2 902
2 763
2 550
2 357
2 559
2 886
2 863
2 10
2 674
2 154
2 804
2 846
2 864
2 291
2 650
2 97
2 975
2 410
2 546
2 504
2 636
2 79
2 90
2 78
2 185
2 403
2 397
2 312
2 769
2 845
2 94
2 129
2 19
2 137
2 364
2 610
2 480
2 973
2 11
2 678
2 179
2 428
2 730
2 58
2 83
2 765
2 407
2 885
2 465
2 688
2 731
2 503
2 874
2 610
2 165
2 462
2 52
2 994
2 58
2 276
2 675
2 256
2 832
2 285
2 586
2 813
2 815
2 895
2 972
2 737
2 590
2 804
2 234
2 392
2 911
2 990
2 967
2 369
2 175
2 286
2 52
2 8
2 36
2 672
2 145
2 477
2 422
2 918
2 938
2 827
2 782
2 838
2 931
2 567
2 448
2 837
2 434
2 286
2 493
2 362
2 580
2 502
2 534
2 42
2 239
2 331
2 103
2 599
2 170
2 145
2 488
2 437
2 638
2 971
2 41
2 492
2 816
2 349
2 409
2 113
2 529
2 51
2 303
2 668
2 750
2 268
2 541
2 524
2 732
2 390
2 327
2 120
2 441
2 321
2 196
2 163
2 330
2 792
2 785
2 979
2 420
2 888
2 934
2 363
2 489
2 340
2 108
2 403
2 964
2 823
2 762
2 101
2 11
2 140
2 389
2 922
2 134
2 573
2 536
2 161
2 793
2 35
2 79
2 846
2 347
2 985
2 237
2 901
2 574
2 394
2 770
2 840
2 313
2 477
2 676
2 699
2 301
2 93
2 392
2 345
2 90
2 394
2 572
2 997
2 758
2 331
2 416
2 119
2 805
2 566
2 474
2 455
2 233
2 274
2 324
2 2
2 542
2 990
2 329
2 478
2 880
2 535
2 596
2 359
2 476
2 519
2 763
2 873
2 664
2 450
2 845
2 224
2 352
2 289
2 427
2 745
2 168
2 885
2 560
2 423
2 132
2 614
2 318
2 731
2 977
2 187
2 37
2 203
2 565
2 132
2 372
2 195
2 729
2 4
2 41
2 732
2 969
2 591
2 75
2 798
2 27
2 200
2 475
2 599
2 403
2 639
2 523
2 908
2 1000
2 731
2 88
2 330
2 522
2 263
2 874
2 197
2 205
2 905
2 670
2 617
2 707
2 216
2 587
1 285
2 753
2 7
2 985
2 417
2 974
2 368
2 294
2 317
2 731
2 200
2 865
2 591
2 970
2 988
2 186
2 956
2 47
2 28
2 944
2 963
2 148
2 443
2 495
2 861
1 958
2 754
2 642
2 454
2 919
2 453
2 462
1 862
2 100
2 364
2 62
2 383
2 390
2 921
2 568
2 707
2 888
2 443
2 2
2 286
2 815
2 902
2 352
2 294
2 925
2 352
2 653
2 281
2 98
2 502
2 924
2 619
2 209
2 683
2 769
2 321
2 560
2 682
2 161
2 965
2 452
2 980
2 190
2 484
2 166
2 11
2 238
2 404
2 432
2 887
2 636
2 435
2 988
2 615
2 323
2 692
2 496
2 882
2 897
2 368
2 563
2 266
2 627
2 993
2 833
2 367
2 96
2 967
2 390
2 294
2 317
2 490
2 957
1 243
2 364
2 546
2 417
2 668
1 641
2 175
2 937
1 23
2 642
2 846
2 917
2 588
2 192
2 411
2 358
2 58
2 15
2 311
2 710
2 651
2 766
2 876
2 949
2 799
2 41
2 969
2 315
2 884
2 135
2 656
2 322
2 795
2 129
2 508
2 983
2 726
2 128
2 659
2 672
2 826
2 297
2 147
2 847
2 365
2 440
2 960
2 459
2 82
2 662
2 717
2 468
2 704
2 397
2 901
2 771
2 280
2 473
2 723
2 535
2 520
2 843
2 653
2 941
2 272
2 100
2 186
2 190
2 555
2 512
2 595
2 202
2 240
2 57
2 26
2 356
2 747
2 701
2 666
2 22
2 949
2 341
2 435
2 802
2 92
2 177
2 326
2 844
2 686
2 359
2 934
2 784
2 11
2 451
2 426
2 236
2 282
2 683
2 241
2 741
2 470
2 80
2 407
2 792
2 130
1 374
2 756
2 226
2 598
2 26
2 835
2 188
2 5
2 302
2 921
2 263
2 504
2 408
2 295
2 928
2 789
2 762
2 527
2 825
2 459
2 466
2 494
2 237
2 924
2 259
2 199
2 244
2 818
2 769
2 428
2 14
2 976
2 133
2 852
2 782
2 939
2 774
2 332
2 232
2 378
2 204
2 720
2 827
1 876
2 429
2 594
2 977
2 366
2 971
2 516
2 70
2 617
2 823
2 888
2 529
2 445
2 639
2 63
2 942
2 240
2 628
2 604
2 722
2 854
2 253
2 207
2 747
2 187
2 957
2 198
2 527
2 657
2 171
2 386
2 780
2 301
2 345
2 205
2 759
2 240
2 271
2 491
2 192
2 230
2 927
2 803
2 269
2 700
2 365
2 426
2 706
2 806
2 264
2 174
2 440
2 252
2 804
2 169
2 327
2 194
2 34
2 584
2 781
2 818
2 689
2 763
2 444
2 115
2 273
2 561
2 930
2 680
2 185
2 465
2 838
2 97
2 80
2 938
2 874
2 429
2 725
2 785
2 331
2 437
2 861
2 14
2 339
2 971
2 459
2 406
2 33
2 729
2 942
2 698
2 658
2 933
2 155
2 105
2 686
2 74
2 909
2 685
2 776
2 898
2 83
2 337
2 555
2 854
2 556
2 575
2 574
2 666
2 725
2 687
2 139
2 991
2 853
2 473
2 644
2 268
2 830
2 602
2 263
2 841
2 99
2 256
2 338
2 125
2 465
2 766
2 408
2 695
2 195
2 828
2 171
2 702
2 282
2 818
2 965
2 778
2 54
2 40
1 662
2 222
2 705
2 153
2 577
2 214
2 450
2 868
2 303
2 686
2 439
2 97
2 361
2 842
2 974
2 846
2 163
2 346
2 832
2 554
2 777
2 778
2 72
2 343
2 480
2 946
2 899
2 424
2 96
2 405
2 536
2 905
2 295
2 309
2 628
2 506
2 196
2 145
2 490
2 780
2 779
2 976
2 383
2 392
2 2
2 830
2 647
2 770
2 471
2 921
2 30
2 116
2 377
2 86
2 88
2 567
2 217
2 627
2 930
2 824
2 249
2 90
2 951
2 995
2 375
2 461
2 146
2 711
2 422
2 804
2 578
2 43
2 335
2 809
2 689
2 633
2 673
2 606
2 642
2 621
2 534
2 758
2 370
2 476
2 402
2 210
2 322
2 56
2 326
2 391
2 94
2 221
2 250
2 228
2 351
2 145
2 732
2 343
2 123
2 594
2 180
2 59
2 164
2 420
2 694
2 642
2 6
2 794
2 336
2 680
2 33
2 394
2 20
2 817
2 187
2 675
2 278
2 136
2 931
2 596
2 891
2 307
2 830
2 942
2 396
2 905
2 336
2 325
2 996
2 953
2 229
2 838
2 343
2 980
2 850
2 905
2 574
2 295
2 198
2 528
2 672
2 742
2 171
2 536
2 437
2 209
2 553
2 276
2 536
2 201
2 900
2 339
2 611
2 122
2 631
2 273
2 957
2 395
2 608
2 216
2 862
2 805
2 246
2 912
2 41
2 753
2 458
2 836
2 466
2 66
2 227
2 995
2 335
2 161
2 806
2 46
2 67
2 298
2 48
2 996
2 692
2 520
2 806
2 663
2 174
2 220
2 868
2 337
2 448
2 392
2 53
2 705
2 541
2 677
2 279
2 407
2 193
2 420
2 654
2 945
2 664
2 526
2 417
2 106
2 478
2 156
2 583
2 731
2 947
2 297
2 397
2 183
2 878
2 825
2 775
2 58
2 557
2 236
2 120
2 782
2 212
2 501
2 527
2 214
1 811
2 327
2 650
1 554
2 881
2 416
2 908
2 497
2 432
2 296
2 82
2 310
2 609
2 763
2 541
2 759
2 158
2 584
2 883
2 218
2 228
2 749
2 813
2 249
2 332
2 632
2 399
2 625
2 497
2 774
2 846
2 864
2 612
2 613
2 450
2 28
2 300
2 64
2 438
2 850
2 597
2 676
2 189
2 262
2 164
2 843
2 281
2 563
2 142
2 124
2 348
2 331
2 329
2 601
2 316
2 769
2 91
2 325
2 670
2 603
1 354
2 758
2 765
2 196
2 816
2 859
2 658
2 520
2 629
2 637
2 849
2 230
2 918
2 950
2 221
2 106
2 674
2 113
2 250
2 165
2 859
2 909
2 314
2 332
2 465
2 137
2 782
2 534
2 297
2 482
2 593
2 345
2 269
2 146
2 682
2 443
2 88
2 609
2 117
2 134
2 647
2 861
2 727
2 987
2 245
2 827
2 597
2 755
2 481
2 125
2 811
2 348
2 163
2 534
2 529
2 261
2 750
2 359
2 531
2 546
2 945
2 980
2 690
2 1
2 801
2 889
2 983
2 20
2 860
2 867
2 193
2 839
2 47
2 70
2 594
2 966
2 471
2 378
2 498
2 989
2 664
2 550
2 793
2 475
2 501
2 775
2 478
2 130
2 34
2 644
2 106
2 889
2 504
2 16
2 272
2 584
2 330
2 381
2 894
2 649
2 248
2 874
2 841
2 640
2 244
2 812
2 426
2 280
2 216
2 253
2 457
2 617
2 903
2 828
2 205
2 894
2 345
2 519
2 331
2 815
2 111
2 924
2 219
2 258
2 176
2 116
2 581
2 440
2 817
2 338
2 781
2 587
2 688
2 471
2 277
2 8
2 255
2 572
2 532
2 966
2 712
2 160
2 992
2 346
2 590
2 125
2 711
2 931
2 301
2 810
2 975
2 315
2 152
2 965
2 625
2 163
2 582
2 429
2 64
2 894
2 836
2 207
2 835
2 789
2 742
2 240
2 38
2 819
2 788
2 195
2 265
2 244
2 524
2 728
2 279
2 182
2 719
2 938
2 365
2 484
2 914
2 773
2 175
2 206
2 54
2 271
2 474
2 305
2 472
2 617
2 931
1 540
2 613
2 116
2 605
2 837
2 229
2 496
2 775
2 176
2 153
2 906
2 695
2 737
2 844
2 540
2 489
2 557
2 718
2 391
2 96
2 136
2 974
2 52
2 712
2 944
2 130
2 723
2 303
2 237
2 853
2 910
2 348
2 633
1 758
2 551
2 224
2 574
2 87
2 85
2 190
2 986
2 646
2 431
2 302
2 581
2 454
2 463
2 385
2 242
2 85
2 687
2 178
2 426
2 588
2 147
2 598
2 363
2 256
2 549
2 990
2 769
2 286
2 502
2 407
2 526
2 692
2 788
2 956
2 296
2 325
2 23
2 300
2 942
2 834
2 119
2 965
2 888
2 859
2 924
2 534
2 971
2 27
2 563
2 374
2 565
2 899
2 450
2 228
2 359
2 446
2 455
2 338
2 463
2 347
2 301
2 862
2 846
2 285
2 893
2 424
2 346
2 215
2 712
2 30
2 601
2 28
2 293
2 974
2 592
2 294
2 289
2 126
2 331
2 451
2 714
2 567
2 42
2 346
2 51
2 939
2 426
2 599
2 731
2 4
2 106
2 537
2 602
2 725
2 115
2 358
