100 200
2 1
3 1
4 3
5 2
6 2
7 4
8 5
9 8
10 6
11 10
12 1
13 5
14 7
15 14
16 11
17 9
18 1
19 11
20 17
21 4
22 11
23 3
24 1
25 6
26 6
27 4
28 26
29 7
30 17
31 17
32 4
33 28
34 10
35 28
36 16
37 2
38 1
39 27
40 17
41 2
42 21
43 42
44 11
45 35
46 27
47 11
48 36
49 24
50 12
51 38
52 32
53 44
54 34
55 13
56 53
57 8
58 45
59 55
60 51
61 41
62 30
63 55
64 12
65 15
66 65
67 9
68 9
69 24
70 33
71 18
72 5
73 6
74 69
75 48
76 73
77 20
78 56
79 36
80 28
81 24
82 21
83 76
84 23
85 38
86 11
87 76
88 46
89 4
90 13
91 49
92 29
93 42
94 59
95 31
96 70
97 29
98 3
99 27
100 43
1 52
2 53
1 55
2 97
2 62
1 44
2 36
1 84
1 23
2 81
1 97
1 62
2 88
2 78
2 89
2 97
1 61
2 48
1 10
1 100
1 76
1 94
2 43
1 19
1 71
1 91
1 56
2 45
2 27
1 64
2 98
1 15
1 77
2 21
2 31
2 99
2 67
2 25
1 40
1 39
2 8
2 37
2 83
2 28
1 32
1 89
2 77
1 35
2 20
1 63
2 17
1 8
2 64
2 29
1 26
2 24
2 45
1 13
1 72
2 7
1 73
2 40
2 23
1 49
2 33
1 24
1 92
1 85
1 14
1 70
1 75
2 23
1 67
2 71
2 3
1 28
2 16
1 45
2 27
1 60
2 94
2 79
1 31
2 83
2 11
1 68
2 7
2 90
1 46
1 16
1 12
2 90
1 90
1 53
1 65
1 69
1 82
2 77
1 59
2 80
1 5
2 25
1 81
1 20
1 9
1 74
1 22
2 59
2 99
2 70
2 39
2 27
2 95
2 14
2 73
1 48
2 80
2 91
1 86
2 20
2 37
2 71
1 17
2 83
2 72
2 33
2 68
2 68
1 3
2 37
1 30
1 66
2 57
2 67
2 29
2 2
1 33
1 18
1 43
1 54
2 95
1 80
2 61
2 63
2 30
1 34
1 6
2 69
2 78
1 96
2 81
1 93
1 36
1 78
2 91
2 1
1 37
1 58
2 79
2 7
1 79
2 15
2 78
1 4
2 96
2 52
2 1
2 53
1 88
1 38
2 99
1 57
1 42
1 41
1 50
2 10
1 98
2 57
1 87
1 25
2 11
1 27
1 7
1 29
1 95
2 1
2 43
1 11
2 39
1 83
2 9
1 47
1 2
2 28
1 51
1 21
2 97
2 16
1 99
2 34
