1000 2000
2 1
3 2
4 3
5 3
6 1
7 2
8 7
9 7
10 2
11 6
12 8
13 1
14 8
15 13
16 15
17 10
18 8
19 7
20 16
21 9
22 21
23 20
24 9
25 15
26 6
27 21
28 20
29 28
30 21
31 29
32 17
33 16
34 23
35 12
36 17
37 14
38 28
39 9
40 39
41 33
42 17
43 20
44 40
45 23
46 17
47 6
48 34
49 45
50 1
51 11
52 13
53 20
54 30
55 20
56 18
57 49
58 32
59 9
60 3
61 50
62 5
63 33
64 43
65 19
66 52
67 47
68 45
69 13
70 46
71 69
72 18
73 1
74 17
75 22
76 41
77 22
78 18
79 31
80 42
81 12
82 38
83 72
84 64
85 32
86 65
87 57
88 82
89 34
90 4
91 76
92 84
93 61
94 25
95 13
96 92
97 9
98 52
99 74
100 33
101 65
102 4
103 24
104 3
105 45
106 91
107 42
108 85
109 30
110 63
111 99
112 61
113 43
114 104
115 86
116 104
117 93
118 42
119 108
120 20
121 6
122 28
123 78
124 67
125 15
126 69
127 30
128 126
129 98
130 8
131 98
132 27
133 88
134 89
135 38
136 113
137 37
138 103
139 136
140 22
141 112
142 14
143 130
144 131
145 36
146 109
147 59
148 40
149 44
150 123
151 145
152 31
153 86
154 109
155 81
156 142
157 125
158 9
159 60
160 137
161 126
162 140
163 126
164 3
165 97
166 17
167 27
168 12
169 34
170 2
171 45
172 118
173 161
174 37
175 40
176 23
177 144
178 134
179 12
180 10
181 65
182 125
183 89
184 63
185 54
186 48
187 8
188 26
189 60
190 123
191 111
192 166
193 117
194 99
195 93
196 76
197 191
198 149
199 187
200 145
201 170
202 174
203 84
204 171
205 188
206 7
207 40
208 62
209 126
210 43
211 165
212 21
213 80
214 108
215 75
216 43
217 94
218 139
219 150
220 104
221 20
222 21
223 81
224 79
225 188
226 137
227 226
228 75
229 146
230 26
231 33
232 72
233 58
234 35
235 180
236 95
237 164
238 160
239 115
240 202
241 203
242 166
243 97
244 201
245 30
246 86
247 9
248 35
249 83
250 178
251 183
252 78
253 157
254 129
255 252
256 135
257 225
258 30
259 62
260 158
261 149
262 160
263 207
264 49
265 162
266 224
267 87
268 185
269 44
270 171
271 181
272 3
273 152
274 232
275 201
276 30
277 140
278 159
279 230
280 11
281 123
282 271
283 60
284 113
285 148
286 239
287 167
288 117
289 24
290 20
291 73
292 21
293 172
294 203
295 109
296 185
297 183
298 86
299 127
300 152
301 124
302 259
303 5
304 165
305 272
306 72
307 187
308 177
309 141
310 159
311 141
312 272
313 248
314 128
315 133
316 287
317 233
318 182
319 265
320 127
321 231
322 253
323 189
324 204
325 85
326 81
327 262
328 74
329 187
330 329
331 124
332 66
333 27
334 313
335 5
336 145
337 282
338 318
339 61
340 324
341 149
342 226
343 170
344 48
345 241
346 170
347 158
348 144
349 224
350 166
351 50
352 320
353 198
354 147
355 95
356 326
357 328
358 156
359 282
360 351
361 260
362 250
363 20
364 140
365 242
366 72
367 158
368 263
369 8
370 227
371 261
372 286
373 244
374 29
375 67
376 216
377 352
378 57
379 82
380 166
381 250
382 113
383 235
384 174
385 65
386 40
387 240
388 290
389 326
390 181
391 335
392 157
393 275
394 162
395 357
396 89
397 194
398 378
399 67
400 53
401 113
402 25
403 67
404 206
405 116
406 190
407 286
408 88
409 330
410 197
411 176
412 207
413 146
414 297
415 93
416 24
417 172
418 9
419 344
420 391
421 276
422 222
423 309
424 352
425 183
426 269
427 223
428 186
429 213
430 339
431 315
432 260
433 371
434 254
435 419
436 254
437 85
438 324
439 390
440 359
441 38
442 292
443 411
444 348
445 216
446 144
447 277
448 281
449 102
450 178
451 19
452 262
453 133
454 421
455 247
456 259
457 261
458 393
459 195
460 84
461 98
462 217
463 267
464 355
465 59
466 308
467 340
468 300
469 425
470 137
471 42
472 176
473 271
474 49
475 160
476 42
477 227
478 455
479 324
480 327
481 414
482 217
483 468
484 58
485 12
486 2
487 273
488 201
489 137
490 372
491 328
492 290
493 293
494 13
495 52
496 109
497 46
498 310
499 97
500 148
501 139
502 248
503 21
504 132
505 265
506 416
507 47
508 502
509 393
510 436
511 425
512 124
513 375
514 107
515 293
516 268
517 86
518 92
519 449
520 331
521 308
522 314
523 385
524 367
525 209
526 397
527 370
528 149
529 199
530 455
531 312
532 154
533 194
534 1
535 25
536 516
537 426
538 196
539 205
540 125
541 253
542 354
543 81
544 500
545 330
546 62
547 132
548 260
549 458
550 460
551 536
552 15
553 125
554 285
555 311
556 237
557 231
558 312
559 471
560 99
561 5
562 211
563 243
564 315
565 387
566 233
567 510
568 144
569 455
570 453
571 239
572 558
573 426
574 4
575 127
576 553
577 350
578 25
579 372
580 282
581 379
582 217
583 86
584 456
585 125
586 313
587 186
588 27
589 342
590 556
591 301
592 382
593 78
594 487
595 318
596 261
597 416
598 338
599 112
600 389
601 339
602 262
603 314
604 549
605 399
606 73
607 429
608 364
609 270
610 453
611 364
612 43
613 45
614 25
615 159
616 566
617 263
618 587
619 532
620 486
621 584
622 17
623 592
624 348
625 269
626 114
627 343
628 121
629 278
630 175
631 37
632 563
633 559
634 513
635 407
636 491
637 95
638 23
639 136
640 597
641 446
642 422
643 366
644 542
645 335
646 161
647 495
648 379
649 93
650 633
651 98
652 246
653 529
654 153
655 375
656 524
657 471
658 359
659 125
660 101
661 15
662 597
663 365
664 533
665 514
666 51
667 48
668 144
669 579
670 497
671 230
672 329
673 387
674 600
675 241
676 18
677 251
678 374
679 84
680 483
681 185
682 81
683 333
684 212
685 256
686 671
687 216
688 32
689 552
690 293
691 6
692 309
693 371
694 316
695 330
696 109
697 478
698 582
699 421
700 501
701 140
702 608
703 93
704 265
705 24
706 215
707 153
708 386
709 216
710 591
711 657
712 59
713 273
714 396
715 391
716 242
717 228
718 157
719 514
720 316
721 651
722 550
723 365
724 589
725 452
726 632
727 53
728 682
729 520
730 725
731 70
732 102
733 677
734 665
735 204
736 706
737 692
738 268
739 458
740 290
741 158
742 598
743 664
744 661
745 108
746 378
747 99
748 106
749 336
750 74
751 187
752 198
753 402
754 194
755 336
756 486
757 706
758 232
759 72
760 647
761 66
762 139
763 267
764 558
765 571
766 443
767 752
768 515
769 141
770 388
771 98
772 391
773 20
774 4
775 5
776 598
777 231
778 13
779 611
780 105
781 722
782 420
783 777
784 122
785 725
786 58
787 99
788 719
789 574
790 190
791 169
792 228
793 186
794 460
795 582
796 280
797 757
798 269
799 797
800 362
801 35
802 384
803 170
804 140
805 11
806 150
807 745
808 685
809 352
810 526
811 634
812 25
813 480
814 416
815 240
816 88
817 59
818 129
819 130
820 443
821 583
822 178
823 98
824 671
825 740
826 295
827 488
828 197
829 223
830 607
831 323
832 580
833 687
834 190
835 563
836 141
837 406
838 492
839 611
840 690
841 583
842 673
843 94
844 661
845 369
846 101
847 423
848 478
849 186
850 768
851 472
852 578
853 468
854 21
855 495
856 159
857 331
858 337
859 518
860 586
861 130
862 207
863 332
864 659
865 219
866 648
867 818
868 417
869 366
870 630
871 50
872 240
873 133
874 572
875 506
876 293
877 727
878 704
879 586
880 37
881 774
882 627
883 544
884 444
885 386
886 724
887 602
888 637
889 723
890 187
891 788
892 473
893 100
894 537
895 698
896 108
897 737
898 256
899 28
900 497
901 196
902 25
903 668
904 779
905 185
906 624
907 392
908 435
909 291
910 897
911 454
912 369
913 900
914 739
915 324
916 592
917 514
918 260
919 724
920 394
921 233
922 484
923 773
924 486
925 825
926 121
927 545
928 153
929 17
930 361
931 71
932 79
933 563
934 556
935 512
936 877
937 312
938 897
939 244
940 720
941 127
942 766
943 820
944 423
945 390
946 189
947 237
948 946
949 305
950 653
951 842
952 7
953 481
954 355
955 811
956 40
957 544
958 544
959 423
960 779
961 239
962 565
963 356
964 281
965 474
966 517
967 642
968 868
969 587
970 178
971 8
972 334
973 98
974 724
975 394
976 785
977 364
978 125
979 586
980 843
981 535
982 252
983 750
984 399
985 973
986 81
987 59
988 142
989 638
990 482
991 629
992 2
993 822
994 717
995 75
996 953
997 688
998 163
999 979
1000 93
2 869
1 200
2 244
2 404
1 893
2 861
2 874
2 337
2 700
2 684
1 744
2 588
2 501
2 578
1 696
2 165
2 700
2 900
2 518
1 840
2 396
2 365
2 698
1 99
2 429
1 697
1 33
2 262
1 100
1 638
2 38
2 46
2 954
2 318
2 270
1 760
2 721
1 35
2 250
2 858
1 10
2 663
1 81
1 373
1 13
2 602
2 293
1 44
2 546
1 198
1 551
2 549
2 620
1 581
2 381
1 256
1 752
1 837
2 797
2 84
1 459
2 284
2 882
1 471
2 483
2 206
1 590
1 150
1 294
2 247
1 389
1 776
2 740
2 198
1 154
2 268
2 222
2 783
2 212
2 182
2 523
2 487
2 302
2 150
2 889
2 347
2 573
2 214
2 274
2 484
2 389
2 377
2 563
1 828
2 209
1 234
2 82
2 370
2 251
1 348
2 850
2 390
2 483
2 30
2 6
2 854
2 878
1 292
1 996
1 135
2 416
2 63
2 115
1 690
1 313
2 2
2 362
2 553
2 616
2 279
1 524
2 267
2 53
2 905
2 756
1 808
1 745
1 398
2 161
2 54
2 298
2 36
2 532
2 452
1 904
1 691
1 773
1 717
2 804
1 592
2 784
2 312
1 387
2 343
1 823
2 465
2 137
1 871
1 265
1 395
1 981
2 320
2 783
1 383
2 802
2 271
2 681
2 516
2 149
1 510
1 713
2 252
2 525
2 775
2 582
1 115
2 737
2 940
2 293
2 17
1 331
2 156
1 679
2 3
1 219
2 482
1 315
1 673
2 334
1 647
2 224
2 772
1 968
2 954
2 577
1 675
2 247
2 312
2 600
2 210
2 585
2 569
2 241
2 651
1 997
2 524
2 351
1 186
2 573
1 642
1 386
2 522
2 1000
2 745
2 657
1 63
2 915
2 591
1 947
1 725
2 559
2 270
1 578
2 965
2 520
1 990
2 439
2 693
2 129
2 600
1 765
1 227
2 513
2 7
2 355
1 271
2 338
2 605
2 291
1 371
2 574
1 753
1 455
2 908
2 51
2 161
2 731
1 71
2 595
2 96
2 629
2 863
2 754
1 298
1 567
2 190
2 247
1 452
1 785
2 258
1 514
2 197
1 834
1 573
2 581
1 674
1 97
1 130
2 627
2 273
2 1000
2 550
2 686
2 408
1 140
1 807
2 30
2 525
1 82
2 989
2 672
2 786
2 251
2 500
2 142
2 375
1 824
2 729
2 576
1 399
2 724
1 9
2 239
2 732
1 583
1 139
2 154
2 598
2 653
2 768
2 873
2 2
2 282
1 235
1 480
2 735
1 19
2 647
2 163
2 583
2 582
2 819
2 751
1 273
1 203
1 312
2 500
1 525
2 74
2 840
2 262
2 739
2 986
2 989
2 700
2 565
2 811
1 936
1 366
2 991
2 203
2 699
2 73
2 150
1 517
1 493
2 433
2 211
1 918
2 155
1 541
2 360
1 566
2 250
1 434
2 946
1 603
2 316
1 317
1 1000
2 395
2 454
2 107
1 741
2 99
2 717
2 611
2 987
2 626
2 32
2 475
1 650
1 762
2 327
2 532
2 954
2 21
2 968
2 907
2 676
2 95
2 965
2 565
1 437
1 174
2 828
2 222
2 272
2 596
2 118
1 969
2 695
2 118
2 44
2 489
2 409
2 945
2 227
2 869
1 649
2 626
1 435
2 628
1 359
2 146
2 40
1 460
1 591
2 877
2 686
2 677
1 523
2 263
2 854
2 447
1 297
1 772
2 370
2 94
2 878
2 305
1 2
2 499
2 387
2 19
2 166
2 92
1 948
2 882
2 805
2 720
2 331
2 569
1 136
2 548
2 215
2 849
1 641
1 519
2 827
2 561
2 381
2 263
2 517
2 581
2 147
1 521
2 208
1 217
1 272
2 554
2 642
2 99
2 309
2 868
2 862
2 616
1 476
2 81
2 42
1 403
2 508
2 168
2 861
2 217
2 212
1 630
2 952
1 934
2 822
1 429
1 162
2 297
1 927
2 99
2 651
2 751
1 617
1 141
2 661
2 721
2 626
2 858
1 865
1 848
2 955
2 629
2 489
2 87
2 47
2 876
1 401
2 38
1 637
2 270
2 533
2 788
1 846
2 814
2 731
1 363
2 806
2 209
2 361
2 905
2 591
1 668
1 982
2 235
2 2
1 194
1 370
2 529
2 569
2 943
2 868
2 874
1 839
2 939
2 171
2 931
2 625
2 155
2 573
2 981
2 5
1 890
2 987
1 172
2 672
2 111
2 193
2 341
2 272
2 624
2 451
2 607
2 759
2 96
2 23
2 666
2 967
2 725
1 553
1 445
1 549
2 915
1 974
1 897
2 200
2 13
1 412
2 541
1 561
2 811
1 43
2 871
2 828
2 957
2 636
2 812
2 638
1 381
2 40
1 410
1 616
2 284
2 697
2 896
2 251
1 723
2 581
1 475
2 314
2 878
1 671
1 55
1 164
1 644
2 918
2 619
2 516
2 765
2 61
2 80
2 346
2 447
1 146
1 190
2 804
2 182
2 385
2 621
2 827
2 530
1 251
2 904
2 348
2 243
2 3
2 326
2 128
2 616
2 350
2 503
2 325
2 806
2 124
2 259
1 929
2 249
2 312
2 105
2 392
2 338
2 52
2 245
2 131
2 515
2 686
2 639
1 495
2 531
1 951
1 309
2 739
1 731
2 994
1 405
1 57
2 603
1 941
2 893
2 277
2 522
2 186
2 648
1 5
2 810
2 440
2 661
1 490
2 876
2 982
2 609
1 751
2 336
2 936
1 967
1 286
1 946
2 175
2 211
1 178
2 19
1 852
2 370
1 153
1 710
2 671
2 445
1 433
1 415
2 900
2 599
2 506
2 938
2 753
2 523
2 125
1 797
2 242
1 181
1 159
1 770
2 676
2 258
2 774
2 202
2 295
1 441
2 456
2 887
2 477
1 247
2 532
2 342
1 62
2 746
2 771
1 702
2 790
2 368
2 911
1 589
2 901
1 689
1 413
2 140
2 865
2 602
2 571
2 68
1 358
2 434
1 267
1 916
2 601
2 769
2 951
2 99
2 804
2 278
1 390
2 552
1 54
1 95
2 573
2 272
2 106
1 724
1 778
1 344
1 430
1 34
2 946
2 154
2 86
1 167
2 825
1 935
1 694
2 327
2 39
2 414
1 440
2 734
2 847
1 878
2 162
2 455
2 318
2 373
1 236
1 293
2 299
1 977
2 41
2 687
2 455
2 187
2 200
2 496
2 970
2 652
1 556
2 204
2 979
2 329
2 341
1 46
2 953
1 406
1 250
2 231
1 604
2 445
2 87
1 27
1 538
2 377
2 526
2 630
2 968
2 106
2 108
1 931
1 859
1 424
1 209
1 279
2 37
2 47
2 513
2 125
2 177
2 976
1 749
1 999
1 727
1 958
2 639
2 445
2 268
2 864
2 893
2 526
2 888
2 691
2 809
1 506
2 211
1 715
2 81
2 347
1 76
2 394
1 886
1 252
2 863
2 883
1 446
2 62
1 384
2 833
1 338
2 397
1 803
2 235
2 468
2 292
2 868
1 915
1 728
1 619
2 903
1 528
2 118
2 222
1 847
2 377
2 616
2 415
2 4
2 837
2 350
1 497
2 550
1 118
2 4
2 822
1 264
1 602
2 468
2 377
2 604
1 175
2 772
2 706
1 132
2 19
2 12
2 531
2 543
2 121
1 128
2 872
2 202
2 518
2 20
1 963
1 352
1 204
1 232
1 324
1 512
2 345
2 552
2 797
1 599
2 487
1 335
2 972
1 861
2 800
2 499
1 954
1 545
1 576
2 504
2 401
2 963
1 655
1 577
2 354
2 16
2 914
1 23
2 485
1 192
1 711
2 645
1 998
2 143
2 686
1 226
2 10
2 478
1 580
2 455
1 975
1 758
2 593
2 254
1 393
1 127
1 732
1 928
1 245
1 654
2 188
1 351
2 430
2 616
2 631
1 501
1 584
2 452
1 620
2 173
2 667
1 906
2 416
2 116
1 109
2 347
1 827
2 719
2 187
1 623
1 207
2 683
1 253
2 707
1 572
2 193
2 448
2 268
1 703
2 86
2 297
2 857
1 260
1 562
2 706
2 398
2 111
1 903
1 884
2 794
2 963
2 536
2 670
2 539
1 646
1 345
2 851
2 869
2 264
2 437
2 20
2 485
2 927
1 246
1 129
1 113
1 423
2 764
2 154
1 707
2 342
2 733
2 79
2 134
2 525
2 881
2 889
2 573
1 695
2 188
2 75
2 577
2 966
2 776
2 272
2 396
2 353
2 123
2 902
1 802
2 250
2 155
2 906
2 553
1 274
1 866
2 282
2 201
1 270
2 189
1 600
1 734
2 328
2 559
2 748
1 812
2 122
1 704
1 60
2 125
2 28
1 477
2 707
2 291
1 546
2 707
2 33
2 17
1 367
2 719
2 316
1 515
2 278
1 86
2 421
2 8
2 635
2 149
1 208
2 148
2 955
2 717
1 262
1 920
1 420
1 609
1 319
2 432
1 238
2 95
1 622
2 688
1 449
1 976
1 201
2 699
1 756
2 271
1 959
2 955
2 200
1 134
2 493
2 739
1 698
1 716
1 791
2 255
2 950
2 32
2 980
2 537
2 667
2 219
2 920
2 999
1 555
1 624
1 498
2 817
1 409
1 799
1 892
2 336
2 289
2 985
2 409
1 486
2 304
1 464
2 914
2 515
2 504
2 975
1 908
1 18
1 986
1 672
2 111
2 121
1 374
2 676
2 534
1 598
1 684
1 180
2 964
2 48
1 157
2 11
1 782
2 474
2 488
2 639
2 577
2 994
2 124
2 867
1 767
1 759
2 696
2 193
2 697
1 535
1 303
2 168
2 454
2 545
1 462
1 492
2 82
2 846
2 250
1 830
2 609
2 135
2 210
2 850
2 569
2 888
2 579
2 35
2 329
2 287
2 592
1 375
1 505
2 525
2 180
2 367
2 968
1 196
1 533
1 787
1 25
2 58
2 598
2 489
2 29
2 209
2 215
1 527
2 732
2 258
2 976
2 688
2 354
2 478
2 39
2 445
1 382
2 729
2 369
2 249
2 851
2 948
2 498
2 920
2 325
2 509
1 626
2 97
1 248
2 659
2 73
1 210
1 187
1 560
2 383
1 645
2 391
1 666
1 121
2 980
2 638
2 177
2 647
2 705
2 65
1 483
2 523
2 722
1 70
2 350
2 409
2 502
2 810
1 78
1 742
2 893
2 114
2 128
2 191
2 162
2 755
2 329
2 263
2 359
2 199
2 817
2 589
1 665
1 94
1 337
2 224
2 184
2 262
1 794
2 35
2 523
2 773
2 327
1 826
2 123
2 540
2 693
2 234
2 496
1 411
2 678
2 38
2 177
2 458
2 891
2 567
1 746
2 169
2 277
1 841
2 77
2 605
1 854
2 348
2 761
1 407
2 247
2 676
2 893
1 926
1 266
1 755
2 856
2 724
2 721
1 451
2 873
2 608
1 404
2 129
2 701
2 209
1 372
2 3
1 156
1 688
2 961
1 801
2 540
2 708
2 797
2 643
2 495
2 220
1 93
2 643
2 905
1 789
2 960
1 37
1 185
1 61
2 362
2 833
2 753
2 671
2 581
2 928
2 227
1 277
2 647
2 270
1 870
1 3
2 371
1 224
2 971
1 940
2 542
2 828
1 122
2 456
2 602
1 117
2 239
2 885
2 912
2 281
1 307
2 106
1 783
2 961
2 121
2 707
2 337
1 568
1 502
2 466
1 408
1 64
1 50
1 184
1 907
2 200
2 114
2 502
2 621
1 288
2 717
1 255
2 796
1 643
1 52
1 995
1 879
2 779
1 301
1 588
2 392
2 578
1 507
2 862
1 508
2 93
2 302
1 356
2 663
2 412
1 327
2 903
2 469
2 411
2 862
1 804
2 945
2 403
2 208
1 116
2 252
2 208
2 515
1 79
2 605
1 708
2 954
2 765
2 787
2 681
2 180
2 964
1 394
2 742
2 683
2 585
2 357
2 651
2 498
1 379
2 234
1 160
2 888
1 875
1 249
2 56
2 595
1 494
2 483
2 591
1 849
2 625
1 259
2 719
2 105
2 105
1 299
1 706
2 654
2 804
2 584
1 336
2 606
2 650
2 827
1 504
1 612
1 215
2 491
2 980
2 529
2 487
2 453
1 500
2 52
2 244
2 817
1 332
2 340
2 34
1 88
2 306
2 113
1 211
1 518
2 512
2 823
2 432
1 511
2 541
2 217
1 131
2 563
1 291
2 31
2 840
2 339
2 656
1 819
2 487
1 677
2 577
1 737
1 59
1 67
1 833
2 444
1 503
1 385
2 182
2 390
1 872
1 365
2 170
2 303
2 493
2 359
2 572
2 102
1 305
1 229
2 86
1 838
1 593
1 343
2 44
1 223
2 470
2 323
2 881
2 192
2 184
1 780
1 714
1 900
2 893
1 821
1 817
1 427
1 516
2 183
1 284
1 835
1 392
1 889
2 414
2 886
2 973
1 843
2 143
1 339
2 41
2 146
2 798
1 739
1 748
1 881
1 296
1 213
2 598
2 315
1 237
1 683
1 895
1 902
2 794
1 302
1 377
2 718
2 284
2 556
2 173
2 408
2 253
2 477
1 133
2 323
2 903
2 625
1 880
2 698
1 943
2 871
1 69
2 650
2 274
1 547
2 974
2 900
2 714
1 149
2 176
2 131
1 421
2 489
1 899
2 885
2 802
1 361
1 325
1 868
2 685
2 800
2 511
1 148
2 60
1 585
1 910
1 282
2 906
2 663
2 615
1 942
1 651
1 699
2 151
2 221
1 930
2 566
1 664
2 637
2 4
2 699
2 774
2 738
2 11
2 954
2 992
1 628
2 273
2 294
2 282
2 645
1 83
2 267
1 771
1 24
1 595
1 197
1 863
1 41
1 432
1 36
1 950
2 536
2 935
1 736
2 250
2 414
2 606
2 18
2 780
2 829
2 840
1 970
2 776
1 522
1 876
2 404
2 19
2 958
1 923
2 977
2 936
1 465
1 448
2 98
2 975
2 749
2 790
2 715
1 418
1 663
1 615
2 300
2 727
1 108
2 897
2 258
2 81
2 174
2 343
1 891
2 385
2 795
2 758
1 311
1 806
2 483
1 563
2 475
2 994
2 104
2 265
2 706
2 421
2 522
1 368
2 791
2 313
2 760
2 254
2 134
2 472
2 266
2 330
2 80
1 992
1 276
1 733
2 855
1 142
2 95
1 709
1 254
2 592
2 649
2 198
2 365
2 44
1 532
2 635
1 667
1 285
1 414
1 102
1 85
1 443
2 943
1 836
2 63
2 834
1 851
2 928
2 28
2 526
1 763
2 342
1 864
2 413
1 957
2 714
2 278
2 943
2 704
2 190
2 442
1 472
2 926
2 333
1 983
2 996
2 609
2 533
2 705
2 232
1 613
2 550
2 353
1 212
2 975
2 509
1 814
2 982
1 764
1 790
2 563
2 203
2 509
2 212
1 329
2 197
2 191
2 616
1 980
2 82
1 91
2 498
2 677
2 12
1 7
2 895
2 629
2 624
2 133
1 485
2 920
2 677
2 21
2 578
1 380
2 761
2 26
2 640
2 848
1 639
1 428
2 322
2 764
1 75
2 796
2 981
1 726
1 289
2 452
2 415
2 194
2 596
1 447
1 32
2 516
2 275
2 924
1 53
1 168
2 309
2 604
2 654
2 287
2 57
2 257
2 321
1 96
2 781
2 410
2 310
2 230
1 179
1 705
2 360
2 664
1 6
2 818
1 320
2 499
1 653
1 781
2 453
1 444
2 633
1 657
2 275
2 617
1 221
1 774
2 495
2 71
2 187
2 917
2 103
1 242
1 22
2 37
1 743
2 898
2 826
2 86
2 230
2 846
2 623
1 120
2 684
2 362
2 300
2 470
2 441
2 34
1 956
1 761
2 325
2 280
2 165
2 946
2 548
1 280
2 39
2 802
2 320
2 699
1 858
2 862
2 122
2 449
2 641
2 947
2 829
2 152
1 882
2 656
2 183
2 967
2 430
2 907
1 909
2 154
2 33
2 229
2 500
1 531
1 605
2 648
2 936
2 717
1 106
1 575
2 270
1 439
1 788
2 225
1 869
2 527
2 776
2 198
2 642
2 198
2 976
2 223
2 692
2 668
1 636
1 621
1 832
2 989
1 80
2 665
1 922
2 590
1 214
2 132
2 512
1 308
1 544
2 887
2 617
2 136
2 98
1 944
2 724
2 59
2 359
2 540
2 932
2 782
2 110
1 306
2 191
1 161
2 819
2 813
2 916
2 998
2 60
2 24
1 874
2 804
1 56
1 163
2 659
1 275
2 26
1 295
1 376
2 422
2 874
2 993
2 753
1 912
1 461
2 992
1 855
1 123
1 966
1 913
2 795
2 220
2 445
2 433
2 236
2 693
2 184
1 712
2 598
2 518
2 645
2 171
2 92
1 873
2 820
1 473
2 949
2 43
2 4
2 236
2 958
2 477
2 236
2 150
1 550
2 536
1 905
2 599
1 12
1 610
2 422
2 133
2 562
1 72
1 860
2 927
2 119
2 552
2 175
2 119
1 798
2 752
2 384
1 658
2 114
1 513
1 230
1 463
1 971
1 686
1 857
2 338
2 290
1 825
2 57
1 769
2 289
1 730
1 740
2 628
2 900
1 938
2 228
2 629
1 143
2 528
1 633
2 433
2 753
2 364
1 28
2 149
1 357
1 45
1 333
2 702
2 218
2 40
2 662
1 747
2 662
2 813
1 388
2 644
2 747
2 585
2 754
2 480
2 762
2 862
2 1
1 457
2 326
2 166
2 108
1 87
1 766
2 341
2 599
2 711
2 740
2 746
2 154
2 272
1 349
1 972
2 400
1 470
2 22
2 738
