100 200
2 1
3 2
4 3
5 4
6 4
7 6
8 4
9 7
10 4
11 7
12 8
13 5
14 6
15 5
16 14
17 1
18 17
19 5
20 8
21 10
22 17
23 18
24 13
25 12
26 15
27 11
28 25
29 24
30 3
31 11
32 3
33 21
34 1
35 13
36 30
37 35
38 29
39 6
40 34
41 35
42 41
43 20
44 35
45 36
46 21
47 24
48 37
49 33
50 6
51 37
52 33
53 31
54 8
55 30
56 52
57 43
58 30
59 7
60 25
61 29
62 17
63 12
64 49
65 48
66 30
67 15
68 39
69 10
70 2
71 23
72 44
73 11
74 45
75 17
76 47
77 30
78 73
79 71
80 54
81 36
82 30
83 51
84 37
85 76
86 60
87 9
88 6
89 86
90 60
91 59
92 62
93 16
94 20
95 34
96 13
97 73
98 31
99 60
100 37
1 85
1 98
1 54
2 57
1 42
2 74
1 68
2 44
1 22
2 58
1 81
2 90
2 64
1 78
2 96
2 45
1 29
2 98
2 12
1 21
2 82
1 6
1 88
2 89
1 34
2 32
2 97
2 59
2 66
2 54
2 24
2 40
1 23
2 61
1 69
1 56
1 99
1 94
2 67
1 5
1 74
1 64
2 75
1 46
2 14
1 83
1 55
1 93
2 36
2 56
2 4
2 97
2 33
1 13
1 92
2 15
1 25
1 61
1 50
2 90
1 33
2 54
2 45
1 11
1 40
2 36
2 47
2 85
1 7
2 87
1 18
1 10
2 62
1 24
1 95
2 85
2 81
1 45
2 14
1 76
1 72
1 44
2 70
1 63
1 12
1 15
2 6
2 37
2 2
2 24
1 80
2 36
2 73
2 18
1 39
2 49
1 70
1 20
1 35
1 31
1 4
1 49
2 47
1 97
2 35
2 93
2 71
2 4
2 17
2 63
1 57
2 70
1 96
2 94
1 89
2 68
2 87
2 76
2 97
1 3
2 40
1 28
1 36
1 67
1 38
1 73
2 57
2 46
1 90
2 23
2 26
1 41
1 19
1 30
1 8
1 26
1 77
2 70
2 38
2 18
2 3
2 7
2 68
1 43
1 79
2 54
2 90
2 100
1 87
1 52
1 71
2 91
1 91
1 62
1 59
1 48
2 89
1 58
2 39
2 59
1 27
2 52
2 1
2 32
1 51
1 100
2 89
1 37
2 96
1 65
2 49
1 17
2 95
1 9
2 89
1 86
1 32
1 82
2 52
1 84
1 14
2 21
1 60
1 75
2 38
2 47
1 16
1 47
1 53
2 81
2 75
1 2
2 52
1 66
2 18
2 71
2 47
2 85
2 21
2 17
