1000 2000
2 1
3 2
4 2
5 4
6 2
7 5
8 2
9 8
10 2
11 6
12 11
13 1
14 10
15 2
16 11
17 5
18 10
19 2
20 5
21 9
22 4
23 11
24 17
25 6
26 6
27 13
28 8
29 10
30 12
31 30
32 6
33 32
34 8
35 28
36 2
37 21
38 5
39 34
40 37
41 34
42 9
43 39
44 15
45 2
46 38
47 34
48 9
49 10
50 43
51 43
52 3
53 34
54 29
55 17
56 11
57 9
58 22
59 35
60 5
61 2
62 10
63 50
64 5
65 21
66 24
67 52
68 27
69 6
70 36
71 70
72 30
73 52
74 68
75 60
76 45
77 67
78 53
79 36
80 27
81 26
82 25
83 47
84 32
85 11
86 33
87 75
88 6
89 5
90 51
91 2
92 53
93 56
94 75
95 51
96 76
97 96
98 66
99 82
100 67
101 54
102 73
103 91
104 13
105 6
106 43
107 58
108 50
109 44
110 84
111 5
112 20
113 16
114 76
115 2
116 48
117 61
118 45
119 6
120 84
121 53
122 27
123 77
124 113
125 119
126 66
127 7
128 25
129 59
130 73
131 110
132 47
133 131
134 83
135 11
136 83
137 12
138 81
139 131
140 56
141 138
142 22
143 28
144 101
145 11
146 80
147 36
148 142
149 67
150 136
151 110
152 60
153 107
154 45
155 103
156 45
157 148
158 106
159 6
160 112
161 97
162 153
163 26
164 87
165 133
166 103
167 143
168 67
169 106
170 78
171 17
172 75
173 26
174 109
175 85
176 62
177 163
178 154
179 34
180 52
181 162
182 170
183 180
184 78
185 4
186 79
187 26
188 119
189 48
190 144
191 39
192 8
193 135
194 51
195 110
196 178
197 35
198 34
199 96
200 177
201 95
202 185
203 10
204 137
205 149
206 166
207 27
208 35
209 33
210 35
211 92
212 147
213 136
214 66
215 162
216 92
217 216
218 63
219 107
220 144
221 217
222 13
223 131
224 154
225 152
226 195
227 81
228 226
229 75
230 170
231 143
232 52
233 197
234 180
235 209
236 182
237 142
238 121
239 85
240 73
241 73
242 224
243 14
244 126
245 233
246 37
247 127
248 183
249 125
250 211
251 140
252 203
253 45
254 205
255 45
256 111
257 16
258 151
259 115
260 100
261 73
262 128
263 248
264 25
265 28
266 59
267 24
268 93
269 15
270 186
271 246
272 197
273 48
274 49
275 72
276 31
277 76
278 183
279 277
280 72
281 13
282 227
283 159
284 146
285 7
286 92
287 210
288 232
289 131
290 31
291 97
292 267
293 47
294 215
295 139
296 157
297 13
298 1
299 266
300 17
301 221
302 158
303 230
304 227
305 179
306 304
307 281
308 270
309 299
310 43
311 216
312 83
313 245
314 119
315 312
316 216
317 16
318 311
319 269
320 76
321 113
322 214
323 286
324 57
325 226
326 29
327 85
328 79
329 101
330 156
331 217
332 292
333 212
334 160
335 12
336 4
337 204
338 7
339 227
340 235
341 51
342 119
343 309
344 54
345 84
346 145
347 272
348 170
349 6
350 31
351 141
352 23
353 70
354 240
355 79
356 134
357 137
358 20
359 5
360 149
361 169
362 86
363 255
364 68
365 242
366 203
367 324
368 310
369 37
370 266
371 192
372 166
373 170
374 14
375 316
376 95
377 293
378 57
379 250
380 226
381 308
382 235
383 356
384 248
385 148
386 355
387 5
388 362
389 326
390 313
391 130
392 67
393 348
394 179
395 280
396 116
397 208
398 55
399 202
400 91
401 396
402 211
403 83
404 326
405 153
406 349
407 191
408 304
409 187
410 85
411 340
412 184
413 330
414 243
415 381
416 13
417 89
418 416
419 266
420 94
421 220
422 161
423 233
424 240
425 185
426 28
427 258
428 65
429 270
430 265
431 175
432 85
433 229
434 25
435 151
436 213
437 95
438 398
439 324
440 71
441 333
442 5
443 216
444 106
445 358
446 24
447 133
448 40
449 249
450 99
451 287
452 179
453 7
454 47
455 82
456 288
457 383
458 318
459 318
460 74
461 412
462 357
463 170
464 385
465 400
466 136
467 105
468 230
469 260
470 190
471 347
472 208
473 443
474 87
475 419
476 173
477 471
478 87
479 433
480 8
481 291
482 304
483 208
484 445
485 17
486 91
487 159
488 416
489 126
490 75
491 187
492 356
493 161
494 110
495 481
496 281
497 62
498 183
499 359
500 393
501 211
502 301
503 242
504 343
505 55
506 425
507 244
508 180
509 187
510 110
511 435
512 440
513 34
514 179
515 69
516 197
517 179
518 122
519 344
520 235
521 236
522 412
523 39
524 80
525 173
526 234
527 258
528 338
529 204
530 468
531 413
532 388
533 98
534 190
535 502
536 6
537 245
538 339
539 165
540 509
541 214
542 479
543 306
544 213
545 20
546 347
547 497
548 95
549 15
550 49
551 484
552 181
553 150
554 468
555 26
556 226
557 332
558 59
559 466
560 357
561 524
562 226
563 470
564 91
565 35
566 324
567 167
568 447
569 459
570 527
571 457
572 125
573 139
574 4
575 408
576 155
577 525
578 453
579 158
580 259
581 78
582 364
583 52
584 310
585 386
586 151
587 362
588 290
589 321
590 437
591 296
592 264
593 473
594 200
595 129
596 100
597 73
598 235
599 443
600 72
601 384
602 261
603 435
604 204
605 281
606 472
607 326
608 567
609 53
610 577
611 144
612 147
613 418
614 77
615 7
616 24
617 562
618 229
619 518
620 420
621 445
622 477
623 338
624 146
625 187
626 230
627 596
628 365
629 166
630 346
631 244
632 491
633 399
634 41
635 230
636 92
637 338
638 580
639 544
640 48
641 334
642 354
643 261
644 221
645 371
646 471
647 198
648 149
649 639
650 229
651 61
652 522
653 349
654 208
655 559
656 652
657 192
658 600
659 473
660 115
661 654
662 408
663 77
664 122
665 260
666 556
667 197
668 572
669 301
670 180
671 36
672 362
673 317
674 314
675 463
676 208
677 320
678 85
679 242
680 402
681 392
682 437
683 8
684 338
685 267
686 332
687 630
688 185
689 32
690 165
691 357
692 436
693 353
694 288
695 111
696 640
697 69
698 214
699 291
700 189
701 385
702 144
703 336
704 230
705 43
706 12
707 569
708 218
709 663
710 294
711 621
712 545
713 367
714 452
715 655
716 382
717 520
718 39
719 320
720 94
721 720
722 53
723 56
724 463
725 384
726 16
727 99
728 481
729 78
730 621
731 149
732 122
733 417
734 545
735 71
736 619
737 81
738 634
739 628
740 397
741 311
742 728
743 369
744 249
745 185
746 316
747 285
748 335
749 725
750 273
751 675
752 515
753 577
754 314
755 12
756 291
757 414
758 117
759 614
760 442
761 752
762 584
763 580
764 255
765 576
766 685
767 34
768 349
769 720
770 375
771 153
772 761
773 290
774 91
775 660
776 424
777 542
778 633
779 595
780 402
781 459
782 234
783 188
784 448
785 737
786 778
787 166
788 292
789 36
790 161
791 11
792 263
793 126
794 363
795 579
796 72
797 43
798 135
799 49
800 445
801 152
802 788
803 559
804 268
805 717
806 445
807 779
808 213
809 587
810 55
811 747
812 42
813 447
814 583
815 453
816 356
817 647
818 758
819 249
820 247
821 352
822 281
823 474
824 384
825 52
826 671
827 400
828 144
829 254
830 805
831 71
832 641
833 208
834 85
835 827
836 159
837 610
838 98
839 580
840 312
841 343
842 826
843 653
844 277
845 707
846 668
847 74
848 747
849 299
850 623
851 761
852 633
853 361
854 242
855 436
856 622
857 144
858 292
859 77
860 799
861 819
862 18
863 182
864 299
865 117
866 840
867 684
868 695
869 76
870 774
871 134
872 266
873 747
874 273
875 777
876 308
877 573
878 840
879 588
880 530
881 143
882 358
883 12
884 824
885 570
886 859
887 774
888 116
889 92
890 652
891 96
892 786
893 127
894 483
895 687
896 115
897 723
898 591
899 894
900 577
901 593
902 407
903 596
904 97
905 825
906 768
907 329
908 625
909 708
910 163
911 291
912 194
913 366
914 794
915 793
916 833
917 150
918 871
919 913
920 596
921 453
922 309
923 565
924 481
925 607
926 246
927 352
928 360
929 790
930 416
931 551
932 282
933 863
934 25
935 884
936 161
937 657
938 79
939 676
940 357
941 412
942 791
943 228
944 651
945 637
946 592
947 378
948 298
949 639
950 562
951 419
952 436
953 266
954 369
955 585
956 134
957 88
958 701
959 709
960 570
961 829
962 747
963 200
964 835
965 240
966 919
967 409
968 327
969 353
970 508
971 887
972 773
973 342
974 156
975 959
976 13
977 648
978 86
979 373
980 485
981 62
982 824
983 325
984 104
985 76
986 423
987 190
988 83
989 112
990 104
991 690
992 949
993 354
994 163
995 904
996 987
997 312
998 808
999 356
1000 81
2 388
1 816
2 471
2 9
2 217
2 729
1 684
2 149
2 498
1 618
1 531
2 954
2 717
2 556
1 486
2 833
2 626
2 313
2 34
2 585
1 43
1 599
2 657
1 425
2 844
2 542
1 972
1 925
1 467
1 293
2 716
2 361
1 980
1 185
2 454
2 635
2 663
1 241
1 707
1 713
2 589
2 232
2 544
2 37
2 970
2 3
1 261
1 156
2 948
1 557
2 939
2 925
2 267
2 814
2 448
2 316
1 155
2 928
1 836
1 677
2 163
1 872
2 259
1 699
2 652
1 798
1 462
1 910
2 207
2 365
1 54
2 128
2 813
2 382
2 238
1 216
2 886
2 129
2 653
2 61
2 829
1 569
1 949
1 692
2 581
2 425
1 573
2 623
2 662
2 501
2 956
1 747
1 663
2 169
2 694
2 328
2 672
1 586
2 774
2 853
2 966
2 280
2 614
2 427
1 393
2 970
2 138
2 209
2 11
1 278
1 775
2 360
2 751
1 738
2 134
2 470
2 964
2 353
1 739
2 431
2 75
2 616
2 527
2 144
1 518
1 628
2 184
1 861
1 303
1 686
2 647
2 161
2 163
2 564
2 238
2 63
2 910
2 549
1 581
1 519
2 24
2 831
1 52
2 874
2 397
2 71
2 385
1 510
2 523
2 115
1 248
1 496
2 574
1 726
2 548
1 633
2 903
2 478
1 98
2 137
1 12
1 658
1 464
2 81
2 300
2 578
2 507
1 554
2 217
2 997
1 687
1 218
2 977
2 422
2 368
2 477
2 842
2 492
2 654
2 981
1 172
2 67
2 189
1 978
2 128
2 275
2 636
2 755
1 924
2 147
2 905
2 365
2 179
1 923
2 916
1 646
2 959
1 828
1 416
2 502
2 573
1 584
1 756
1 335
2 834
2 966
1 350
2 584
2 595
1 312
2 915
2 34
1 222
1 524
1 483
2 479
2 278
1 873
2 305
1 693
2 499
2 621
1 834
1 743
2 808
2 939
2 763
2 467
2 637
2 819
2 213
2 750
2 368
2 309
2 593
2 835
2 258
2 321
2 862
2 71
2 353
1 495
2 435
1 931
2 244
1 179
2 434
1 603
2 306
2 667
2 128
2 483
2 143
2 616
1 237
2 111
2 463
2 325
1 716
2 581
1 874
2 327
1 365
1 795
2 54
1 305
1 520
1 737
2 952
1 151
2 513
2 42
2 859
1 995
2 71
2 701
1 908
2 951
2 874
2 383
2 804
2 495
1 946
2 237
2 599
2 718
2 197
2 1
1 774
1 522
2 950
2 442
1 598
2 875
2 87
2 92
1 444
1 114
1 964
1 62
2 954
2 873
2 942
1 57
1 4
2 332
1 234
2 915
1 129
2 579
2 588
2 492
2 647
2 971
2 621
2 179
2 44
1 148
2 775
2 805
2 34
1 308
1 933
2 128
2 762
1 894
2 109
2 632
2 848
2 637
2 267
1 76
2 504
2 372
2 367
2 102
2 496
2 210
2 561
2 311
1 353
1 337
1 724
2 67
2 277
2 484
2 324
1 654
2 440
1 422
2 513
2 411
2 507
1 300
2 698
2 988
2 680
2 653
2 922
2 798
2 775
1 228
2 84
1 534
2 693
1 349
2 964
2 594
1 23
2 319
2 511
1 201
1 974
1 765
1 558
2 804
2 794
2 902
2 562
2 495
2 860
2 852
2 352
1 503
2 40
2 341
1 406
2 29
1 362
1 913
2 281
1 636
2 541
2 797
1 298
2 743
1 266
2 315
1 437
2 99
1 570
1 411
2 833
1 7
2 762
2 162
1 561
2 563
2 33
1 309
2 201
2 866
2 458
2 531
1 777
1 702
2 86
1 813
2 607
2 574
2 285
2 71
1 120
2 4
2 823
2 67
2 290
1 64
2 566
2 263
1 538
2 178
1 93
2 346
1 51
1 440
2 388
2 528
2 422
2 656
2 790
1 296
1 288
2 19
2 939
1 659
2 825
2 146
1 198
1 225
2 792
2 155
2 828
2 701
2 642
1 214
2 613
2 924
2 164
1 59
2 435
2 267
1 521
2 44
2 191
2 22
2 571
1 887
2 265
1 328
1 898
2 582
2 863
2 395
2 882
2 491
1 347
1 22
1 892
2 10
2 991
2 936
1 556
2 920
1 271
2 596
1 539
1 322
2 426
1 794
2 973
2 357
2 626
2 76
2 302
2 113
2 755
2 828
1 709
1 882
2 501
2 808
1 675
2 756
2 398
2 789
2 311
2 489
2 95
1 396
2 350
1 530
1 102
1 387
2 234
1 643
2 360
2 434
1 855
1 113
2 104
2 746
2 727
1 634
2 492
2 497
2 753
2 538
2 104
1 589
2 400
2 971
2 559
1 579
1 369
2 465
2 139
1 638
2 86
2 874
1 419
2 968
1 682
2 546
2 43
1 781
2 621
2 401
2 199
2 752
2 57
1 275
2 135
1 39
2 165
2 568
2 341
2 890
2 614
1 125
2 145
2 403
2 693
2 847
2 713
1 797
1 575
1 226
2 773
1 21
2 669
1 651
1 315
2 433
2 731
2 91
1 857
2 525
1 95
2 218
1 1000
1 244
2 610
1 28
1 661
1 2
2 6
2 51
1 609
2 997
2 930
2 996
2 115
2 218
2 500
1 733
2 266
1 16
2 951
2 975
2 191
2 482
2 277
2 530
2 462
2 477
2 872
2 982
2 76
2 29
2 660
2 172
2 2
2 718
2 805
1 268
2 902
2 623
1 221
2 503
2 626
2 897
2 438
2 231
2 28
1 895
2 148
2 164
1 644
2 618
2 660
2 24
2 250
2 699
2 1000
1 171
1 418
1 817
2 190
2 614
1 513
1 450
2 338
1 252
2 678
1 366
1 240
2 725
2 794
2 409
2 745
2 843
1 8
2 179
2 795
2 656
2 270
1 478
1 533
2 216
1 833
1 962
2 225
2 422
2 62
2 301
2 127
1 994
1 381
2 976
2 807
2 812
2 566
2 202
1 71
1 721
2 114
2 240
2 162
1 881
1 714
2 199
2 292
1 465
1 330
2 399
2 53
1 770
2 977
2 422
2 597
1 852
2 403
2 353
2 637
2 625
1 75
2 299
2 474
1 965
2 3
2 339
2 876
2 189
2 561
2 462
2 492
2 715
2 19
2 735
2 720
2 171
1 355
1 231
2 833
2 560
2 406
2 380
2 863
2 603
2 505
1 436
1 760
2 493
1 576
1 601
2 617
2 872
1 637
1 58
2 550
1 688
2 511
2 188
1 753
2 829
2 304
1 786
1 900
2 139
1 812
2 302
2 579
2 240
1 591
2 726
2 294
2 352
2 108
2 140
1 376
1 105
2 170
2 587
1 508
2 809
1 182
1 42
2 594
1 89
2 714
2 380
2 98
2 110
2 848
2 45
2 412
1 846
2 522
2 874
2 197
1 283
1 361
2 431
2 542
2 407
1 414
2 593
1 967
2 389
1 142
1 761
2 71
1 885
1 36
1 324
1 617
2 413
2 909
1 82
1 101
2 868
1 429
2 41
2 128
2 279
2 500
2 743
2 32
2 463
2 685
1 321
2 704
2 122
2 222
1 951
2 31
2 930
2 170
2 318
1 119
2 986
2 98
1 629
2 886
1 668
2 104
2 970
1 472
1 358
2 941
2 808
1 953
2 476
2 124
1 199
2 858
1 612
2 879
1 884
2 511
1 979
2 337
1 717
1 790
1 292
1 388
1 779
2 493
1 703
2 55
2 136
2 525
2 979
2 223
2 450
1 805
2 555
2 776
2 370
2 771
1 969
2 403
2 745
2 982
1 537
2 570
2 51
1 91
1 501
2 920
2 437
1 564
2 67
1 223
2 491
1 523
2 13
1 357
1 565
2 600
2 358
2 946
1 104
2 552
2 612
2 346
2 422
2 575
2 717
2 67
2 25
2 290
1 865
2 423
1 455
1 929
2 15
2 787
2 305
2 857
2 686
2 947
1 542
2 830
2 63
1 284
2 631
2 377
2 375
2 87
1 878
2 61
1 77
2 657
2 126
2 356
2 304
1 691
1 752
2 999
2 656
1 290
1 657
2 409
2 364
2 747
2 109
2 616
1 314
2 624
2 449
2 459
2 943
2 846
2 882
2 849
2 504
2 623
2 26
2 111
2 828
2 7
2 65
2 55
1 230
1 183
2 824
2 674
1 905
2 527
2 57
2 411
1 459
2 29
1 915
2 208
2 422
1 652
2 675
1 162
2 663
2 886
2 400
1 986
2 644
2 450
2 356
1 115
2 959
2 524
1 229
2 43
2 323
2 754
2 397
2 633
2 402
1 204
2 648
2 70
2 278
2 22
2 288
2 101
2 54
1 443
2 477
2 912
2 61
2 597
2 338
1 619
1 408
2 618
2 405
1 405
1 61
2 926
1 958
2 284
2 646
1 553
1 470
2 771
2 763
2 600
2 257
1 604
2 178
1 941
2 731
2 490
2 176
1 157
2 50
1 773
2 386
1 454
1 30
2 509
2 614
2 126
2 288
2 339
2 654
1 630
2 991
2 374
2 832
2 217
2 980
2 547
2 573
2 236
1 782
2 659
1 273
2 108
1 631
1 354
2 125
2 979
1 625
2 636
2 552
1 447
1 131
1 588
1 490
2 543
1 40
1 117
2 228
1 403
2 735
1 217
2 526
2 767
2 168
2 586
2 171
1 86
2 741
2 6
2 526
2 511
1 811
1 742
2 166
2 566
2 596
2 318
1 66
2 1000
1 606
2 720
2 854
1 635
1 209
2 276
2 57
1 99
1 190
2 406
2 802
1 792
2 100
1 145
2 854
1 593
2 265
1 31
2 706
1 577
2 854
1 516
2 304
2 287
2 755
1 10
2 693
1 196
1 158
1 118
2 154
2 368
2 284
1 262
2 881
1 904
2 842
2 646
2 978
2 816
2 106
2 415
2 350
1 165
1 351
2 59
2 20
1 497
2 918
1 53
2 671
2 586
1 37
2 544
1 367
1 838
2 993
1 767
2 332
2 83
2 603
2 748
2 995
1 184
1 547
2 788
1 493
2 764
1 29
1 345
1 176
2 393
1 391
1 286
2 823
1 555
2 463
2 815
2 715
2 456
1 830
1 788
2 34
2 277
2 723
2 491
1 968
1 421
1 249
2 764
1 778
2 235
1 505
2 622
1 177
2 853
2 366
1 734
1 793
2 527
2 734
2 676
2 62
2 464
2 980
2 68
1 282
2 275
2 749
2 565
2 561
2 52
1 785
2 693
1 842
2 600
2 119
2 103
2 566
1 708
1 888
2 584
2 302
2 692
2 543
2 598
1 973
1 540
2 768
2 180
2 785
2 728
1 251
1 899
1 963
2 667
1 759
2 682
2 188
2 502
2 140
2 173
2 976
1 511
2 939
2 36
2 415
2 448
1 768
1 32
2 856
2 150
2 223
2 589
2 165
2 223
2 976
2 390
2 257
2 593
1 417
2 715
2 710
1 945
1 498
2 104
2 210
2 689
2 213
2 312
2 753
1 937
2 248
2 75
2 978
1 318
1 299
2 929
1 294
1 944
1 839
2 793
2 330
2 799
2 630
2 520
1 291
2 613
2 356
2 806
2 43
1 188
2 741
2 893
1 395
2 949
2 508
2 483
2 272
2 197
2 454
2 698
2 438
2 500
1 439
2 545
2 848
2 666
2 771
2 917
2 10
2 230
2 228
2 761
2 820
1 656
2 184
1 985
1 235
1 430
2 416
2 881
2 604
2 611
2 166
2 977
1 526
1 776
1 991
2 669
1 880
2 789
2 629
1 536
1 993
2 882
2 572
2 701
2 452
2 995
1 427
2 114
1 825
2 174
2 13
1 215
1 608
2 86
1 78
1 445
1 862
2 304
2 962
1 680
1 541
2 515
1 401
2 512
1 653
1 984
2 977
2 502
2 297
2 739
2 117
1 815
2 846
1 489
2 142
2 181
1 169
2 712
2 726
2 440
2 952
1 239
1 744
1 648
2 994
1 624
1 674
2 938
2 323
2 725
2 258
1 950
1 568
1 528
2 889
2 177
2 87
2 915
2 280
2 93
1 867
2 33
1 928
2 481
1 325
1 257
1 232
1 918
2 878
1 914
2 616
2 998
1 835
1 126
1 208
2 508
2 371
2 567
2 769
1 897
2 906
2 419
2 843
2 359
2 867
2 694
2 877
1 883
1 364
2 969
2 212
1 178
1 34
1 461
1 481
2 453
2 893
2 349
2 178
1 276
1 859
2 890
2 837
2 175
2 697
2 188
2 140
1 764
2 126
2 877
2 91
1 544
2 923
1 400
2 450
1 847
2 678
1 242
2 24
2 600
2 559
2 528
2 653
2 368
2 365
2 970
1 735
1 160
2 799
1 807
2 39
1 18
2 619
1 938
2 779
1 63
1 909
2 537
2 344
2 91
2 865
1 132
1 566
2 502
2 399
2 330
2 230
1 548
1 723
2 91
2 919
2 257
1 800
1 988
2 12
1 111
1 649
2 743
2 395
2 947
1 200
2 228
2 318
2 692
1 769
2 202
2 718
2 899
2 43
1 84
1 989
1 415
2 708
2 556
1 258
1 173
2 642
2 749
2 569
2 762
2 630
2 321
1 336
1 192
2 864
2 809
1 149
1 529
2 516
2 137
1 552
2 249
2 412
1 942
2 708
2 484
2 260
1 791
1 407
1 212
1 485
1 45
2 606
1 159
1 499
2 41
2 811
1 410
2 676
1 858
2 193
2 42
2 754
2 382
2 608
2 518
1 919
2 717
2 243
2 641
1 26
2 845
2 763
2 876
2 923
2 980
1 762
1 875
2 365
2 708
2 269
2 915
1 871
1 20
1 11
1 669
1 386
2 949
1 877
2 287
2 340
2 973
1 73
1 535
2 486
2 317
2 137
2 406
2 643
2 461
2 305
1 384
2 592
1 195
2 19
2 562
2 91
2 819
2 452
1 473
1 123
2 474
2 433
2 421
2 667
1 623
2 734
2 949
1 326
2 171
2 201
2 515
1 451
2 258
1 912
1 587
2 401
1 671
2 624
2 445
2 986
2 161
2 442
2 19
1 150
1 441
2 967
2 983
2 17
2 808
2 435
2 805
2 481
2 929
2 163
2 245
2 277
1 615
2 156
1 831
1 864
2 778
2 605
2 560
2 875
1 180
2 239
2 949
2 112
2 738
1 975
2 944
2 625
2 950
2 641
1 936
1 373
2 878
2 249
1 683
2 138
2 137
2 231
2 172
1 255
2 21
1 689
1 903
2 472
2 726
1 307
2 660
1 616
2 211
2 75
1 264
2 219
1 319
1 378
2 88
2 960
2 757
1 380
1 673
2 116
1 920
2 132
2 7
1 799
2 274
2 126
1 696
2 123
2 146
2 204
1 124
1 580
2 246
2 820
1 428
2 481
1 605
1 525
2 859
2 692
2 915
1 870
2 708
1 317
2 768
1 127
1 491
2 990
2 213
2 364
2 294
2 699
2 314
2 226
2 141
1 740
1 46
2 963
2 905
2 671
1 233
2 470
2 475
2 612
2 204
2 778
1 48
2 318
2 23
1 639
2 454
2 803
2 90
2 155
2 638
2 185
1 543
2 962
1 948
1 243
1 559
2 360
1 802
2 809
2 334
2 501
2 36
2 76
2 247
1 269
2 971
2 337
1 424
2 898
1 850
1 253
1 607
1 304
2 691
2 928
1 665
1 272
2 402
1 819
1 186
2 664
1 814
2 666
2 294
1 827
1 890
1 597
1 6
1 532
2 816
1 837
1 211
2 916
2 334
2 618
2 733
2 655
1 24
1 316
2 791
2 280
2 241
2 352
2 632
2 618
1 280
2 412
1 81
1 100
2 112
1 697
2 590
2 962
1 482
2 381
1 170
1 826
1 41
2 473
2 377
2 590
1 446
2 326
1 626
2 163
1 27
2 443
2 840
2 789
2 635
2 937
2 726
1 672
2 377
1 33
1 479
1 679
1 457
1 161
2 428
2 644
1 19
1 955
1 701
2 491
2 191
1 259
2 529
1 620
2 138
1 167
1 622
2 376
2 950
2 493
1 141
1 313
1 238
1 90
1 784
2 627
1 96
2 348
2 424
2 737
1 843
2 72
2 818
2 668
2 957
2 207
2 492
2 227
1 256
2 367
2 818
2 440
2 985
1 302
1 886
2 953
2 645
2 901
2 243
1 80
2 737
2 615
2 562
2 533
1 206
2 220
2 907
2 356
1 50
2 568
2 881
2 506
2 819
2 668
2 906
1 85
2 309
1 650
2 746
2 726
1 889
2 779
2 723
2 942
2 957
1 210
2 229
1 460
2 24
1 754
2 659
2 483
2 230
2 714
1 224
1 194
1 655
2 543
2 91
2 927
2 198
2 738
1 896
2 778
1 301
1 492
2 46
1 704
1 398
2 387
2 805
2 586
1 402
2 19
2 342
1 5
2 202
1 891
1 69
2 531
1 549
2 798
2 670
1 412
2 677
2 302
2 357
2 590
2 885
2 978
2 171
1 136
2 509
1 146
2 209
2 260
2 999
1 515
2 944
1 70
1 287
1 488
2 285
2 641
2 65
2 157
2 157
2 462
2 559
2 925
1 512
2 621
1 144
2 385
1 134
2 862
1 128
1 420
1 333
1 97
1 175
2 279
2 372
1 917
2 154
2 32
2 561
2 75
2 522
2 921
2 271
2 577
1 998
1 205
2 823
2 894
2 790
2 918
1 263
2 280
1 804
1 970
1 916
2 183
1 824
2 120
2 934
2 252
1 685
2 238
1 431
1 220
2 490
1 92
2 950
1 423
1 202
1 750
2 18
1 311
1 147
2 965
1 3
1 374
2 53
2 432
1 844
2 525
1 382
1 14
2 107
2 277
1 780
2 327
2 535
1 331
2 807
1 67
2 366
2 279
2 582
1 666
1 712
2 567
1 463
1 279
