1000 2000
2 1
3 2
4 3
5 3
6 1
7 4
8 5
9 6
10 6
11 10
12 3
13 4
14 3
15 10
16 6
17 8
18 9
19 8
20 6
21 15
22 19
23 14
24 9
25 20
26 18
27 20
28 6
29 24
30 10
31 3
32 13
33 19
34 28
35 7
36 6
37 14
38 29
39 26
40 36
41 2
42 11
43 1
44 27
45 43
46 14
47 21
48 9
49 3
50 16
51 3
52 38
53 50
54 44
55 53
56 24
57 20
58 47
59 11
60 4
61 26
62 58
63 2
64 20
65 37
66 36
67 19
68 47
69 33
70 55
71 20
72 59
73 30
74 13
75 57
76 66
77 29
78 6
79 15
80 28
81 73
82 62
83 58
84 46
85 10
86 74
87 24
88 72
89 43
90 38
91 55
92 49
93 34
94 56
95 80
96 85
97 36
98 3
99 57
100 82
101 41
102 80
103 96
104 36
105 21
106 14
107 75
108 30
109 87
110 14
111 81
112 17
113 14
114 24
115 10
116 39
117 105
118 83
119 67
120 99
121 89
122 8
123 108
124 6
125 31
126 61
127 61
128 52
129 122
130 15
131 54
132 73
133 64
134 111
135 62
136 15
137 75
138 121
139 118
140 127
141 57
142 72
143 51
144 84
145 91
146 83
147 16
148 133
149 141
150 100
151 29
152 28
153 56
154 44
155 115
156 135
157 91
158 142
159 34
160 151
161 111
162 134
163 142
164 9
165 17
166 129
167 85
168 91
169 48
170 98
171 30
172 84
173 99
174 124
175 171
176 126
177 164
178 23
179 164
180 63
181 162
182 111
183 148
184 111
185 133
186 64
187 165
188 128
189 7
190 71
191 33
192 133
193 160
194 15
195 32
196 61
197 118
198 43
199 35
200 188
201 109
202 17
203 190
204 61
205 125
206 194
207 202
208 146
209 86
210 170
211 91
212 111
213 105
214 132
215 107
216 149
217 30
218 75
219 109
220 188
221 178
222 82
223 14
224 167
225 77
226 220
227 22
228 170
229 4
230 211
231 195
232 101
233 80
234 31
235 71
236 7
237 50
238 229
239 72
240 153
241 236
242 220
243 181
244 8
245 122
246 53
247 52
248 72
249 5
250 54
251 239
252 184
253 179
254 125
255 31
256 3
257 47
258 29
259 56
260 47
261 54
262 48
263 137
264 206
265 106
266 255
267 221
268 183
269 256
270 140
271 146
272 239
273 38
274 243
275 84
276 162
277 163
278 48
279 76
280 101
281 225
282 201
283 80
284 260
285 163
286 280
287 86
288 169
289 20
290 204
291 72
292 6
293 281
294 27
295 259
296 27
297 99
298 155
299 221
300 32
301 250
302 219
303 273
304 163
305 137
306 125
307 164
308 230
309 108
310 144
311 61
312 213
313 126
314 210
315 178
316 178
317 190
318 238
319 292
320 241
321 208
322 258
323 114
324 291
325 216
326 234
327 135
328 46
329 49
330 201
331 256
332 157
333 53
334 47
335 266
336 171
337 289
338 304
339 250
340 308
341 213
342 132
343 20
344 78
345 322
346 100
347 25
348 267
349 277
350 90
351 49
352 118
353 12
354 61
355 330
356 281
357 67
358 202
359 193
360 33
361 41
362 17
363 231
364 146
365 317
366 241
367 84
368 299
369 111
370 347
371 231
372 99
373 228
374 160
375 302
376 87
377 311
378 336
379 4
380 193
381 316
382 89
383 235
384 232
385 115
386 283
387 3
388 363
389 179
390 299
391 229
392 269
393 147
394 206
395 294
396 253
397 31
398 194
399 67
400 70
401 347
402 171
403 371
404 253
405 182
406 9
407 227
408 132
409 282
410 140
411 170
412 8
413 322
414 127
415 218
416 387
417 352
418 271
419 282
420 261
421 312
422 282
423 25
424 23
425 320
426 397
427 200
428 99
429 144
430 30
431 186
432 206
433 76
434 419
435 2
436 124
437 292
438 11
439 364
440 399
441 410
442 227
443 235
444 376
445 224
446 316
447 384
448 293
449 169
450 112
451 144
452 237
453 395
454 258
455 77
456 309
457 359
458 322
459 400
460 81
461 355
462 394
463 221
464 168
465 427
466 339
467 64
468 382
469 204
470 147
471 452
472 121
473 54
474 466
475 363
476 167
477 194
478 286
479 19
480 364
481 26
482 217
483 208
484 123
485 416
486 265
487 380
488 279
489 292
490 388
491 1
492 359
493 190
494 124
495 180
496 294
497 28
498 287
499 88
500 170
501 422
502 264
503 278
504 275
505 63
506 327
507 28
508 12
509 361
510 321
511 190
512 39
513 490
514 210
515 381
516 76
517 301
518 460
519 403
520 289
521 412
522 352
523 90
524 102
525 288
526 432
527 432
528 384
529 188
530 366
531 49
532 364
533 98
534 20
535 320
536 434
537 481
538 110
539 339
540 212
541 361
542 212
543 282
544 528
545 33
546 197
547 438
548 176
549 333
550 218
551 391
552 444
553 481
554 181
555 144
556 347
557 415
558 255
559 63
560 253
561 438
562 22
563 58
564 327
565 177
566 316
567 168
568 85
569 378
570 380
571 445
572 488
573 234
574 159
575 431
576 516
577 425
578 231
579 28
580 403
581 361
582 440
583 466
584 72
585 330
586 232
587 293
588 191
589 292
590 491
591 23
592 48
593 494
594 291
595 130
596 309
597 77
598 383
599 356
600 167
601 459
602 222
603 162
604 287
605 61
606 506
607 92
608 493
609 133
610 568
611 70
612 414
613 336
614 454
615 276
616 397
617 608
618 230
619 604
620 549
621 376
622 26
623 187
624 577
625 230
626 528
627 320
628 562
629 233
630 527
631 602
632 449
633 137
634 133
635 482
636 623
637 325
638 114
639 408
640 145
641 196
642 463
643 626
644 412
645 482
646 300
647 232
648 446
649 346
650 406
651 75
652 511
653 482
654 315
655 587
656 187
657 439
658 582
659 486
660 387
661 80
662 312
663 445
664 568
665 197
666 369
667 524
668 425
669 343
670 245
671 482
672 349
673 187
674 395
675 610
676 159
677 183
678 510
679 136
680 120
681 175
682 581
683 605
684 183
685 261
686 639
687 24
688 211
689 145
690 467
691 483
692 273
693 36
694 557
695 72
696 646
697 192
698 265
699 431
700 477
701 1
702 110
703 585
704 59
705 86
706 292
707 161
708 677
709 624
710 201
711 689
712 373
713 223
714 269
715 413
716 320
717 553
718 628
719 529
720 542
721 218
722 485
723 17
724 338
725 12
726 641
727 85
728 37
729 402
730 207
731 697
732 447
733 698
734 596
735 358
736 282
737 364
738 603
739 27
740 268
741 21
742 702
743 96
744 469
745 76
746 227
747 411
748 113
749 327
750 464
751 12
752 300
753 444
754 397
755 586
756 622
757 439
758 52
759 1
760 555
761 492
762 489
763 739
764 562
765 682
766 185
767 693
768 440
769 740
770 176
771 614
772 764
773 280
774 690
775 763
776 583
777 403
778 578
779 406
780 758
781 155
782 295
783 420
784 499
785 222
786 649
787 214
788 320
789 678
790 322
791 756
792 551
793 537
794 453
795 309
796 459
797 243
798 175
799 683
800 580
801 553
802 768
803 143
804 475
805 390
806 185
807 465
808 114
809 420
810 318
811 163
812 552
813 258
814 406
815 459
816 742
817 554
818 515
819 260
820 462
821 52
822 316
823 380
824 224
825 654
826 291
827 290
828 340
829 163
830 208
831 743
832 822
833 30
834 609
835 184
836 176
837 13
838 790
839 575
840 601
841 807
842 499
843 830
844 646
845 464
846 411
847 703
848 607
849 703
850 516
851 177
852 112
853 442
854 427
855 243
856 380
857 663
858 270
859 662
860 488
861 240
862 440
863 749
864 70
865 337
866 511
867 121
868 755
869 800
870 379
871 220
872 581
873 731
874 591
875 645
876 137
877 684
878 98
879 613
880 684
881 756
882 325
883 161
884 432
885 872
886 150
887 546
888 253
889 494
890 6
891 839
892 714
893 841
894 60
895 862
896 49
897 814
898 727
899 498
900 211
901 895
902 726
903 65
904 298
905 32
906 85
907 691
908 768
909 732
910 788
911 334
912 666
913 62
914 897
915 580
916 796
917 129
918 586
919 470
920 763
921 716
922 453
923 525
924 71
925 489
926 744
927 588
928 309
929 74
930 99
931 331
932 234
933 787
934 124
935 724
936 237
937 828
938 752
939 710
940 731
941 442
942 197
943 306
944 388
945 504
946 374
947 376
948 38
949 908
950 390
951 918
952 772
953 629
954 938
955 595
956 126
957 872
958 475
959 534
960 889
961 467
962 192
963 839
964 373
965 825
966 548
967 371
968 798
969 942
970 830
971 299
972 213
973 622
974 556
975 830
976 766
977 572
978 278
979 581
980 824
981 97
982 315
983 314
984 675
985 411
986 469
987 367
988 945
989 303
990 28
991 21
992 873
993 321
994 864
995 854
996 221
997 716
998 894
999 106
1000 310
1 202
2 206
1 943
2 437
1 723
2 299
2 320
2 987
1 360
1 917
2 295
2 948
2 224
1 941
2 181
1 975
2 177
2 27
2 404
1 837
2 141
1 587
1 224
2 165
2 651
2 179
1 237
2 58
2 749
1 817
1 58
2 508
2 16
2 510
2 572
2 950
1 552
2 212
2 561
2 673
2 356
1 949
2 173
2 950
2 436
2 291
2 466
1 832
1 187
2 51
2 896
1 508
2 887
2 685
1 762
1 939
2 343
1 792
1 257
1 922
2 757
2 51
1 575
2 661
2 412
2 225
2 639
2 817
2 577
2 764
2 807
2 556
2 34
2 206
1 740
2 886
2 256
1 591
2 233
1 646
2 602
1 931
2 546
1 168
2 689
1 137
2 569
2 116
1 542
2 586
1 614
1 348
1 840
1 801
1 600
2 444
1 323
2 652
2 488
2 70
1 4
2 838
2 906
2 690
1 698
2 288
2 99
2 242
2 82
2 695
2 817
2 687
2 408
2 325
1 476
1 948
2 816
2 782
1 470
2 818
1 388
1 513
2 745
2 113
2 609
2 107
2 495
2 829
2 138
2 199
2 293
2 448
1 334
2 838
2 323
2 163
1 634
1 919
2 772
2 735
2 807
1 822
2 791
1 211
2 3
1 328
1 842
2 763
2 961
2 661
1 50
1 263
2 786
2 18
2 345
2 714
2 702
2 874
2 682
2 969
2 93
1 937
1 369
2 304
2 731
1 605
2 824
1 145
2 912
2 108
2 130
1 160
2 601
2 819
2 85
2 57
1 831
1 107
2 699
2 867
1 335
2 741
2 585
1 432
1 99
1 338
2 531
2 637
1 286
2 866
2 566
2 711
1 399
1 301
2 769
2 929
2 607
1 119
1 721
2 650
2 323
1 241
2 359
1 839
2 147
2 366
2 396
2 480
1 536
2 467
2 479
2 182
1 83
2 964
1 451
2 203
2 702
1 923
1 714
1 247
1 155
2 371
1 954
2 729
1 16
2 523
2 418
2 364
1 189
1 897
2 22
2 878
1 387
2 470
1 370
2 505
1 497
2 993
2 557
2 465
2 104
1 702
2 773
2 67
1 531
2 532
2 639
2 67
2 115
1 891
1 483
1 466
1 970
2 236
2 275
1 666
2 391
2 728
1 174
2 514
2 169
2 850
1 794
2 894
2 543
1 95
2 375
2 714
1 442
2 200
2 109
2 963
2 853
1 86
2 17
2 692
1 15
2 943
1 352
2 893
2 579
2 400
1 249
1 997
2 330
1 715
1 807
2 866
2 204
1 577
2 69
2 983
2 920
1 655
1 281
2 864
2 477
1 899
2 968
2 343
2 193
2 814
2 723
1 739
1 510
2 581
2 590
2 346
2 443
1 747
2 381
2 176
1 374
2 547
1 2
2 502
1 179
2 291
1 979
2 331
2 573
1 12
1 798
2 76
1 690
1 293
2 219
2 122
1 752
2 360
2 235
2 804
1 705
2 742
2 8
2 926
2 462
2 422
2 49
2 2
1 896
2 976
2 598
2 654
2 675
1 583
1 883
2 455
1 790
2 697
2 621
2 508
1 818
2 288
2 182
2 245
1 272
2 240
2 800
2 113
2 202
2 737
1 765
1 617
1 478
2 598
1 238
1 468
2 536
2 39
2 886
2 270
1 628
2 511
2 625
2 868
1 700
2 86
1 788
2 493
1 718
2 87
2 183
2 382
1 988
1 893
1 808
2 792
2 146
2 933
1 973
1 143
1 546
2 432
1 672
1 31
2 807
2 210
1 342
1 146
1 108
1 692
1 365
1 195
2 986
1 379
1 314
1 526
2 838
1 656
2 333
1 471
2 16
1 162
2 290
2 531
1 132
2 846
2 679
1 231
2 316
2 510
2 538
2 522
2 563
2 963
1 100
2 830
2 349
2 811
2 684
2 824
2 515
2 780
2 768
1 140
1 43
2 550
2 145
1 976
1 950
2 155
1 378
2 524
2 340
2 283
1 660
2 374
2 560
1 805
1 180
2 840
2 342
2 247
2 776
2 82
1 207
1 447
1 248
1 274
1 730
2 432
1 271
2 533
2 110
2 734
1 875
1 253
2 955
1 681
2 919
2 293
2 60
2 980
2 900
2 402
2 890
2 829
1 870
1 205
2 168
2 59
2 189
2 250
1 774
1 417
2 443
2 844
1 872
2 812
1 120
1 675
2 908
2 483
2 365
1 226
2 677
1 424
2 236
2 6
2 701
2 481
1 469
1 138
2 10
1 20
2 504
1 996
1 324
1 800
2 862
2 779
2 474
2 369
1 305
1 637
2 739
2 398
2 101
2 85
2 774
2 966
1 753
2 726
2 142
1 491
1 57
1 427
2 628
2 688
2 439
2 901
2 569
2 807
2 884
1 88
1 652
2 459
2 444
1 865
2 60
1 945
1 475
2 964
2 392
2 149
1 992
2 871
2 234
2 387
2 304
2 825
2 733
2 460
2 838
1 754
1 344
2 405
2 95
1 210
2 238
2 58
2 380
2 23
2 831
1 956
2 272
1 311
2 407
2 797
2 708
1 215
2 938
2 534
1 443
1 481
2 822
1 165
2 418
1 84
2 302
1 787
1 873
2 584
2 344
1 284
2 603
1 889
2 3
1 300
1 741
1 530
2 243
2 674
1 313
2 667
2 756
2 862
2 331
2 944
2 900
1 278
1 479
2 689
1 230
2 43
2 731
2 816
2 408
2 579
2 288
2 967
2 675
2 220
1 604
2 515
1 991
2 390
2 956
2 220
2 555
2 879
1 204
2 802
2 613
2 674
2 502
2 618
2 333
2 506
2 240
2 179
1 85
2 48
2 900
1 341
2 742
2 954
1 135
2 490
1 254
2 208
2 551
2 879
2 354
2 850
2 114
2 843
2 131
2 799
2 739
2 569
2 419
1 815
2 918
2 939
2 978
1 684
2 976
2 739
1 112
2 756
2 624
1 269
2 436
1 65
2 271
2 899
2 843
2 549
1 332
2 777
2 543
2 662
2 913
1 522
1 647
1 898
2 206
1 289
2 86
2 35
2 485
2 815
2 395
2 203
2 38
1 849
2 563
2 435
2 336
2 676
2 6
2 382
2 247
1 170
1 887
1 821
2 886
1 167
1 212
1 960
2 624
1 657
2 946
2 12
2 936
1 562
2 767
1 625
2 421
1 139
2 675
2 649
1 504
2 490
2 660
2 286
2 557
2 472
2 378
2 496
2 843
1 316
2 598
2 18
1 876
1 134
1 983
2 976
2 767
2 349
2 727
2 845
2 607
2 306
1 222
2 431
2 734
1 121
2 47
2 455
1 74
2 985
2 181
2 208
2 325
1 848
1 404
2 419
2 514
2 827
1 280
2 487
1 52
2 463
2 269
1 734
1 14
2 203
2 120
2 690
1 731
2 443
2 199
2 856
2 527
2 512
2 609
1 816
2 839
1 980
2 258
1 938
2 367
2 914
2 653
2 382
1 967
2 852
2 460
2 995
2 564
1 239
2 100
2 407
2 235
2 115
1 24
2 812
2 240
2 293
2 46
1 806
2 359
2 251
1 517
2 334
2 724
1 279
2 103
2 926
1 463
2 185
1 256
1 549
2 730
2 974
2 86
1 246
2 227
2 300
1 411
1 163
1 664
2 173
2 51
2 165
2 16
1 890
2 684
1 524
2 3
2 358
1 533
2 982
1 507
1 310
1 551
2 697
2 295
2 30
2 592
2 923
2 805
1 467
2 354
1 349
1 757
2 372
2 294
1 639
1 878
2 742
2 849
2 128
1 398
2 482
2 684
2 240
1 22
2 333
2 270
1 406
2 715
2 302
2 995
2 420
2 328
2 145
2 297
2 827
2 588
2 316
1 755
2 237
1 194
2 227
2 255
2 689
1 596
1 81
1 36
1 501
2 497
1 916
2 699
2 698
2 589
2 16
2 899
2 681
2 589
2 413
2 417
1 750
2 40
2 856
2 635
1 726
2 531
2 729
1 882
1 795
2 885
1 375
2 84
1 686
2 503
2 801
2 745
2 102
1 643
2 922
2 820
1 133
2 351
1 756
1 362
2 454
2 488
2 92
1 966
2 374
2 252
2 772
2 820
1 877
2 877
2 5
1 426
1 830
1 901
1 93
2 86
2 788
1 454
2 391
2 830
2 714
2 263
2 507
1 101
1 985
2 356
2 779
2 546
2 826
2 49
1 110
1 35
2 738
2 917
2 724
2 960
1 94
2 635
1 559
2 829
2 776
2 50
2 511
2 593
2 509
1 361
2 566
1 694
2 389
2 164
2 895
1 307
2 908
1 622
1 888
1 584
1 636
2 989
1 611
2 784
2 175
1 51
1 444
2 756
1 188
2 387
2 135
1 129
2 673
2 859
2 802
2 10
1 38
2 518
1 474
1 706
2 624
2 893
2 752
2 150
2 44
2 501
2 580
1 612
2 603
2 146
2 511
1 671
2 208
2 482
1 251
2 86
2 429
1 858
1 729
1 1000
2 635
2 545
2 12
2 453
1 329
2 966
1 566
1 886
2 672
2 849
2 271
2 284
2 898
1 209
1 13
2 63
1 462
1 273
1 190
1 63
2 341
1 558
1 802
1 233
1 561
2 21
1 629
1 653
2 374
2 147
1 879
2 823
2 907
2 507
2 939
1 972
1 240
2 630
2 495
2 669
2 351
2 701
2 904
1 227
2 109
2 818
2 613
2 731
1 243
2 694
2 702
2 410
1 793
1 695
1 415
1 825
2 726
2 658
2 514
2 786
2 542
2 904
2 696
2 240
2 905
1 487
2 889
2 152
2 589
2 708
2 450
2 41
2 71
2 203
2 25
2 731
2 330
2 316
2 301
2 697
2 729
2 112
1 736
2 141
1 176
2 315
2 761
1 571
2 932
2 749
1 77
1 148
2 801
1 340
2 515
2 212
2 629
2 358
2 737
2 979
1 54
1 585
1 952
2 161
2 209
1 581
2 893
1 854
1 786
2 30
2 833
2 293
2 389
2 807
1 678
2 182
1 963
2 506
2 854
2 396
1 613
2 606
2 149
1 428
2 566
2 351
2 594
1 78
2 192
2 716
2 462
1 768
1 955
2 407
2 27
2 151
2 781
1 82
2 541
2 582
1 275
1 425
1 153
2 765
2 424
1 892
2 672
1 680
2 321
1 904
2 90
1 998
2 589
2 279
1 708
1 620
2 907
2 370
2 791
2 823
1 573
2 917
2 504
1 588
2 406
2 513
2 890
1 609
2 814
2 938
2 758
2 655
2 722
1 911
1 304
2 979
2 441
2 591
1 186
2 805
2 413
2 762
1 142
2 768
1 761
2 190
2 139
2 104
1 707
2 790
1 503
1 797
2 415
1 69
1 90
1 172
2 325
1 353
2 714
2 153
1 113
1 343
1 780
2 8
1 803
2 854
1 940
2 204
2 556
1 942
1 850
1 288
1 926
2 14
1 130
2 124
1 242
2 60
2 369
2 716
2 862
1 390
2 837
1 932
1 455
2 86
2 830
1 345
1 486
2 206
1 915
1 197
1 811
1 408
2 652
1 10
1 377
1 725
1 393
2 648
2 54
2 606
2 386
2 889
1 49
1 384
2 523
2 467
2 521
2 587
2 631
2 427
2 521
1 147
2 547
2 218
1 235
1 193
2 922
2 914
2 458
2 480
2 144
1 350
1 488
2 520
1 864
1 185
2 511
1 27
2 597
2 892
1 550
1 785
2 461
2 909
1 9
1 602
2 343
1 219
2 293
2 453
2 217
2 841
2 671
2 394
2 574
2 598
2 740
1 743
2 62
2 814
2 944
2 780
1 677
2 686
2 594
2 303
2 163
2 590
1 687
2 957
2 107
2 906
2 675
2 160
2 327
2 51
2 780
2 641
2 774
1 651
2 356
1 871
2 649
1 557
2 903
2 727
2 567
2 400
2 470
2 436
1 537
2 129
1 91
2 383
2 585
2 241
1 775
2 492
2 790
2 60
2 441
2 157
2 885
2 238
1 118
2 975
2 477
2 710
1 47
1 843
1 109
1 635
1 838
2 512
2 801
2 820
2 902
2 867
2 549
1 312
2 80
2 508
1 351
1 959
2 446
2 525
2 840
2 581
2 971
2 45
2 424
1 525
1 782
1 659
1 34
2 140
1 717
2 719
2 241
1 804
2 776
1 812
1 382
2 741
2 150
2 105
1 21
1 96
1 770
1 900
1 885
1 679
2 373
2 199
2 812
2 687
1 473
2 444
1 711
1 236
2 202
1 131
1 368
2 278
1 429
1 749
2 674
2 682
2 143
2 552
2 230
1 136
2 114
2 94
1 206
2 253
2 731
2 198
2 975
2 946
2 409
1 268
1 934
2 610
2 269
2 679
2 150
2 226
2 869
2 934
2 848
1 779
1 79
2 48
2 204
2 414
2 949
1 626
2 914
2 758
1 964
2 197
2 317
2 715
2 911
2 24
2 445
2 396
1 25
2 517
2 185
2 822
2 899
1 668
1 961
2 571
1 593
1 484
2 754
2 973
2 980
2 938
2 801
1 8
2 786
2 195
2 638
1 884
2 692
2 702
2 63
2 867
2 109
2 810
2 763
2 211
1 255
1 772
1 570
2 184
1 778
2 382
2 650
2 51
2 331
2 894
2 820
2 462
1 857
1 116
2 569
2 320
2 680
2 505
1 325
2 831
2 730
2 767
2 927
1 456
1 623
1 644
2 72
2 824
1 534
2 526
2 307
2 996
2 14
2 920
2 429
2 617
2 890
2 410
2 885
2 664
1 962
1 905
2 126
2 606
2 758
2 104
2 394
2 626
1 981
1 48
2 938
2 468
2 531
2 159
2 482
2 324
2 15
2 571
2 298
2 611
2 899
2 357
2 756
2 813
2 110
2 822
2 231
1 5
2 281
2 721
1 648
2 213
2 114
2 762
2 768
2 124
2 904
2 580
1 841
2 908
2 465
2 18
2 973
2 320
2 93
2 369
2 633
1 326
2 53
2 194
2 671
2 427
1 198
1 982
2 412
1 395
2 699
2 285
1 947
1 783
2 939
2 523
2 789
2 136
1 282
2 887
2 125
2 28
1 490
1 229
2 649
2 681
2 445
1 164
1 191
2 944
2 445
2 447
2 810
2 194
2 458
2 537
1 544
2 936
1 410
2 12
2 704
2 57
1 308
2 117
1 459
1 699
2 230
2 483
2 843
2 486
1 418
2 950
2 645
2 381
2 144
1 641
2 246
2 841
1 930
2 817
2 848
2 452
2 296
2 471
2 185
1 933
2 651
2 180
2 180
2 875
2 794
2 972
2 272
1 217
2 772
1 485
2 984
2 380
1 184
1 386
2 748
2 160
1 771
2 89
2 710
2 953
2 449
2 843
1 117
2 862
1 733
2 251
2 674
2 550
2 527
2 802
2 108
2 642
2 464
1 974
2 480
1 394
2 214
1 833
2 473
1 303
2 232
1 464
2 388
2 959
2 381
2 155
1 920
2 801
1 355
1 712
2 596
2 906
1 407
2 931
2 307
2 151
2 657
1 28
1 492
1 608
1 766
2 445
2 407
1 813
2 785
2 163
2 741
1 514
2 377
2 141
2 313
2 984
1 306
2 760
2 196
2 199
2 210
1 397
1 528
2 251
2 11
2 254
1 154
2 45
1 727
2 25
2 618
2 417
1 339
2 266
1 674
1 924
1 366
1 199
2 585
2 23
1 880
2 438
2 292
1 359
1 928
2 776
2 807
2 613
2 731
2 885
2 174
2 796
1 535
2 442
2 931
2 185
2 344
1 638
2 107
2 916
1 71
1 173
2 207
2 61
1 929
2 426
2 94
2 507
1 580
1 540
1 502
1 347
2 190
2 267
1 498
2 410
2 514
2 656
2 101
1 866
1 737
2 767
1 597
2 955
1 696
2 1
2 667
1 828
1 7
2 860
1 910
2 853
1 745
2 671
2 653
1 853
2 688
2 483
2 345
2 613
1 297
1 861
2 160
2 896
2 740
2 179
2 946
2 42
1 509
1 697
2 924
1 518
1 128
2 720
2 635
1 298
2 576
1 913
1 693
1 516
2 536
2 716
1 564
2 55
2 405
2 266
1 214
2 584
1 601
2 406
2 397
2 237
1 228
2 78
2 284
2 360
2 75
1 435
2 341
2 201
1 796
1 291
2 756
1 663
2 537
2 119
2 24
1 650
2 658
2 473
2 588
1 104
2 588
2 826
2 350
2 529
2 353
1 92
2 529
2 611
1 330
1 232
2 575
2 848
2 646
2 734
1 590
2 972
2 732
2 859
2 759
2 726
2 580
2 225
1 76
1 67
1 465
2 134
1 169
1 658
1 494
1 296
2 324
1 662
1 759
2 255
1 579
2 583
2 338
2 723
1 946
2 720
1 944
2 295
2 64
1 574
1 862
1 11
1 30
2 64
2 354
2 640
1 767
2 712
2 271
2 251
1 511
2 343
2 832
2 649
1 642
2 245
1 738
2 929
2 295
1 560
1 586
1 358
2 577
2 771
2 492
2 406
2 720
1 482
2 2
1 703
2 443
1 171
1 670
2 337
2 47
2 902
2 894
1 582
1 689
2 659
2 392
1 292
2 111
1 704
2 460
2 497
2 663
1 319
2 447
1 789
2 915
2 336
1 543
2 684
1 317
2 543
1 565
1 17
1 827
2 640
1 73
2 68
2 367
1 555
2 41
2 153
2 861
2 905
2 726
2 619
1 389
1 97
1 252
1 632
2 221
2 151
2 20
2 510
2 967
1 44
2 391
2 968
2 547
2 681
1 244
2 263
2 660
1 201
2 855
2 351
1 127
1 977
2 865
2 957
1 986
1 420
2 909
2 594
2 60
1 724
1 548
1 912
2 807
1 984
2 613
2 256
2 384
2 851
2 9
1 710
2 190
2 590
2 402
2 623
2 831
2 84
1 383
2 331
2 690
2 795
2 597
2 956
1 683
