1000 2000
2 1
3 2
4 2
5 3
6 4
7 3
8 5
9 1
10 7
11 8
12 3
13 3
14 9
15 12
16 5
17 8
18 4
19 13
20 6
21 1
22 8
23 10
24 11
25 18
26 6
27 25
28 10
29 7
30 26
31 8
32 5
33 21
34 8
35 8
36 3
37 13
38 27
39 25
40 21
41 8
42 20
43 20
44 2
45 31
46 44
47 19
48 40
49 7
50 41
51 46
52 45
53 4
54 42
55 38
56 8
57 28
58 56
59 50
60 56
61 2
62 43
63 25
64 19
65 36
66 1
67 30
68 33
69 56
70 42
71 49
72 71
73 63
74 10
75 22
76 7
77 53
78 33
79 12
80 60
81 79
82 28
83 81
84 55
85 20
86 76
87 39
88 70
89 34
90 10
91 28
92 41
93 86
94 4
95 72
96 17
97 73
98 75
99 91
100 18
101 62
102 57
103 8
104 64
105 20
106 17
107 30
108 98
109 20
110 7
111 6
112 103
113 41
114 13
115 22
116 104
117 45
118 44
119 44
120 94
121 35
122 48
123 85
124 91
125 53
126 107
127 71
128 67
129 63
130 52
131 4
132 52
133 47
134 8
135 112
136 3
137 121
138 102
139 5
140 58
141 123
142 22
143 14
144 125
145 89
146 93
147 145
148 70
149 146
150 54
151 109
152 53
153 101
154 57
155 34
156 138
157 111
158 60
159 126
160 4
161 79
162 24
163 131
164 57
165 139
166 28
167 72
168 138
169 162
170 169
171 116
172 58
173 76
174 84
175 53
176 9
177 38
178 35
179 98
180 42
181 114
182 71
183 69
184 152
185 136
186 74
187 132
188 139
189 84
190 100
191 119
192 127
193 86
194 39
195 16
196 8
197 148
198 49
199 173
200 21
201 53
202 142
203 137
204 116
205 37
206 163
207 31
208 84
209 50
210 55
211 127
212 182
213 72
214 121
215 35
216 102
217 29
218 194
219 189
220 77
221 6
222 91
223 92
224 58
225 89
226 30
227 171
228 130
229 130
230 211
231 155
232 150
233 192
234 155
235 177
236 202
237 40
238 166
239 129
240 90
241 100
242 194
243 219
244 31
245 107
246 214
247 229
248 126
249 16
250 136
251 32
252 232
253 10
254 173
255 177
256 20
257 110
258 65
259 246
260 185
261 108
262 25
263 76
264 69
265 155
266 70
267 223
268 189
269 195
270 14
271 191
272 94
273 15
274 117
275 143
276 21
277 183
278 127
279 273
280 149
281 173
282 273
283 139
284 248
285 170
286 266
287 220
288 78
289 72
290 44
291 218
292 186
293 130
294 60
295 11
296 174
297 39
298 59
299 187
300 20
301 69
302 136
303 277
304 193
305 234
306 29
307 295
308 169
309 4
310 135
311 267
312 80
313 284
314 54
315 303
316 74
317 183
318 285
319 140
320 11
321 134
322 48
323 153
324 168
325 217
326 222
327 260
328 135
329 27
330 80
331 89
332 91
333 245
334 217
335 155
336 239
337 77
338 327
339 156
340 239
341 280
342 144
343 69
344 85
345 316
346 185
347 188
348 253
349 151
350 41
351 66
352 21
353 96
354 80
355 125
356 149
357 281
358 239
359 174
360 4
361 305
362 195
363 304
364 106
365 359
366 123
367 299
368 159
369 13
370 170
371 96
372 150
373 94
374 33
375 34
376 60
377 74
378 186
379 261
380 147
381 53
382 380
383 267
384 295
385 86
386 225
387 373
388 213
389 320
390 20
391 147
392 265
393 322
394 223
395 173
396 204
397 362
398 305
399 251
400 313
401 100
402 87
403 22
404 75
405 115
406 268
407 320
408 135
409 300
410 187
411 278
412 19
413 398
414 175
415 321
416 391
417 383
418 287
419 248
420 344
421 90
422 265
423 176
424 248
425 198
426 413
427 97
428 210
429 50
430 340
431 391
432 100
433 189
434 45
435 361
436 79
437 394
438 150
439 374
440 203
441 88
442 393
443 213
444 263
445 160
446 286
447 286
448 173
449 205
450 301
451 354
452 183
453 41
454 276
455 43
456 244
457 220
458 141
459 234
460 39
461 386
462 57
463 340
464 267
465 279
466 34
467 354
468 212
469 33
470 422
471 175
472 275
473 356
474 462
475 202
476 137
477 467
478 311
479 210
480 448
481 156
482 169
483 456
484 258
485 386
486 411
487 295
488 162
489 304
490 5
491 207
492 487
493 145
494 201
495 257
496 55
497 201
498 366
499 209
500 163
501 497
502 85
503 347
504 60
505 454
506 353
507 356
508 504
509 392
510 200
511 111
512 391
513 402
514 336
515 163
516 217
517 188
518 26
519 171
520 213
521 18
522 16
523 318
524 499
525 503
526 215
527 82
528 306
529 481
530 498
531 135
532 306
533 41
534 92
535 89
536 510
537 263
538 101
539 218
540 70
541 127
542 197
543 264
544 237
545 126
546 533
547 98
548 304
549 353
550 443
551 369
552 424
553 137
554 223
555 39
556 42
557 521
558 67
559 361
560 555
561 375
562 483
563 236
564 195
565 242
566 471
567 321
568 511
569 20
570 526
571 380
572 500
573 463
574 107
575 516
576 457
577 441
578 33
579 258
580 467
581 414
582 336
583 426
584 429
585 222
586 322
587 326
588 351
589 401
590 22
591 415
592 19
593 153
594 482
595 294
596 174
597 209
598 482
599 475
600 422
601 28
602 340
603 601
604 64
605 94
606 40
607 260
608 234
609 42
610 564
611 121
612 139
613 53
614 259
615 525
616 395
617 21
618 307
619 29
620 16
621 577
622 432
623 609
624 573
625 282
626 375
627 124
628 364
629 400
630 526
631 124
632 526
633 207
634 119
635 537
636 269
637 43
638 522
639 486
640 470
641 314
642 542
643 354
644 84
645 534
646 284
647 297
648 459
649 69
650 474
651 417
652 47
653 581
654 465
655 80
656 411
657 3
658 230
659 459
660 201
661 163
662 20
663 5
664 260
665 213
666 205
667 569
668 288
669 446
670 475
671 248
672 98
673 102
674 324
675 87
676 536
677 670
678 169
679 590
680 587
681 636
682 636
683 391
684 78
685 657
686 80
687 337
688 444
689 29
690 357
691 155
692 625
693 41
694 556
695 479
696 349
697 243
698 48
699 26
700 70
701 684
702 315
703 354
704 215
705 504
706 665
707 175
708 471
709 329
710 192
711 494
712 254
713 201
714 58
715 92
716 179
717 30
718 229
719 83
720 462
721 215
722 125
723 165
724 490
725 417
726 86
727 169
728 651
729 90
730 457
731 356
732 423
733 38
734 138
735 529
736 545
737 352
738 174
739 633
740 590
741 715
742 578
743 671
744 698
745 473
746 584
747 192
748 273
749 465
750 383
751 231
752 471
753 348
754 202
755 670
756 605
757 368
758 250
759 404
760 99
761 559
762 46
763 665
764 504
765 439
766 203
767 419
768 654
769 355
770 595
771 577
772 89
773 383
774 430
775 638
776 750
777 350
778 645
779 592
780 680
781 455
782 206
783 180
784 569
785 621
786 267
787 301
788 652
789 180
790 81
791 212
792 542
793 551
794 512
795 442
796 208
797 405
798 504
799 777
800 728
801 421
802 493
803 23
804 148
805 566
806 247
807 438
808 284
809 199
810 252
811 787
812 556
813 176
814 773
815 631
816 411
817 195
818 646
819 65
820 774
821 658
822 308
823 589
824 39
825 550
826 622
827 719
828 608
829 2
830 252
831 643
832 224
833 453
834 586
835 255
836 131
837 412
838 706
839 398
840 723
841 742
842 477
843 319
844 185
845 801
846 802
847 38
848 200
849 773
850 263
851 499
852 376
853 707
854 445
855 497
856 390
857 36
858 1
859 134
860 741
861 783
862 21
863 717
864 761
865 846
866 712
867 259
868 813
869 67
870 273
871 834
872 157
873 180
874 48
875 187
876 602
877 202
878 138
879 309
880 148
881 499
882 203
883 455
884 247
885 57
886 190
887 215
888 539
889 233
890 455
891 591
892 580
893 848
894 574
895 668
896 766
897 611
898 33
899 128
900 502
901 805
902 348
903 301
904 713
905 134
906 207
907 24
908 553
909 165
910 246
911 780
912 214
913 233
914 300
915 265
916 59
917 552
918 685
919 657
920 810
921 902
922 16
923 745
924 603
925 565
926 521
927 63
928 840
929 216
930 637
931 460
932 390
933 310
934 540
935 344
936 119
937 51
938 152
939 688
940 211
941 357
942 455
943 808
944 252
945 863
946 96
947 380
948 492
949 557
950 663
951 379
952 92
953 501
954 695
955 237
956 23
957 666
958 669
959 462
960 915
961 482
962 439
963 251
964 64
965 723
966 273
967 640
968 143
969 842
970 486
971 748
972 176
973 882
974 970
975 733
976 410
977 945
978 379
979 66
980 63
981 907
982 588
983 86
984 123
985 540
986 258
987 780
988 296
989 285
990 98
991 496
992 823
993 638
994 110
995 671
996 481
997 896
998 289
999 693
1000 237
2 659
2 82
2 438
2 597
2 624
2 738
2 660
2 644
2 821
2 21
2 960
2 431
2 285
2 490
2 941
2 919
2 818
2 224
2 286
2 830
2 653
2 246
2 870
2 905
2 635
2 985
2 552
2 859
2 304
2 953
2 363
2 100
2 156
2 634
2 758
2 55
2 470
2 785
2 527
2 419
2 177
2 114
2 334
2 285
2 368
2 77
2 227
2 516
2 992
2 416
2 414
2 285
2 558
2 860
2 670
2 999
2 946
2 844
2 42
2 755
2 616
2 746
2 978
2 221
2 362
2 553
2 337
2 865
2 543
2 6
2 912
2 523
2 687
2 509
2 615
2 981
2 442
1 995
2 200
2 923
2 5
2 103
2 37
2 935
2 298
2 184
2 534
2 845
2 959
2 169
2 69
2 742
2 143
2 252
2 486
2 252
2 572
2 370
2 770
2 148
2 42
2 639
2 494
2 519
2 318
2 801
2 241
2 863
2 204
2 699
2 714
2 541
2 932
2 913
2 164
2 373
2 261
2 571
2 841
2 357
2 517
2 50
2 25
2 368
2 753
2 215
2 370
2 146
2 74
2 640
2 716
2 91
2 940
2 183
2 510
2 460
2 142
2 725
2 668
2 958
2 112
2 627
2 892
2 825
2 886
2 20
2 69
2 814
2 863
2 1000
2 980
2 112
2 429
2 372
2 282
2 821
2 632
2 987
2 705
2 652
2 892
2 153
2 814
2 209
2 219
2 438
2 404
2 680
2 4
1 671
2 742
2 388
2 758
2 693
2 478
2 509
2 91
2 649
2 641
2 816
2 50
2 188
2 663
2 552
2 415
2 27
2 835
2 291
2 365
2 456
2 545
2 241
2 499
2 926
2 202
2 551
2 974
2 480
2 906
2 38
2 524
2 3
2 271
2 917
2 416
2 464
2 404
2 740
2 399
2 511
2 64
2 714
2 535
2 974
2 872
2 346
2 373
2 661
2 459
2 555
2 971
2 91
2 595
2 678
2 220
2 587
2 775
2 286
2 978
2 131
2 474
2 729
2 441
2 515
2 475
2 54
2 322
2 83
2 761
2 478
2 408
2 761
2 658
2 414
2 134
2 483
2 193
2 420
2 881
2 276
2 434
2 32
2 895
2 80
2 635
2 972
2 914
2 31
2 271
2 108
2 406
2 453
2 168
2 775
2 349
2 400
2 298
2 287
2 420
2 411
2 516
2 709
2 112
2 94
2 156
2 97
2 163
2 32
2 828
2 802
2 24
2 326
2 627
2 154
2 172
2 68
2 158
2 648
2 630
2 268
2 259
2 416
2 479
2 918
2 678
2 320
2 766
2 443
2 590
2 657
2 326
2 501
2 102
2 848
2 953
2 902
2 45
2 853
2 843
2 131
2 721
2 54
2 812
2 803
2 968
2 434
2 497
2 432
2 511
2 816
2 869
2 16
2 669
2 625
2 612
2 750
2 734
2 108
2 711
2 830
2 13
2 320
2 201
2 19
2 869
2 538
2 737
2 218
2 125
2 156
2 846
2 259
2 618
2 355
2 441
2 856
2 735
2 336
1 420
2 681
2 671
2 186
2 192
2 743
2 278
2 265
2 80
2 828
2 633
2 21
2 60
2 339
2 307
2 875
2 570
2 94
2 95
2 642
2 376
2 941
2 160
2 851
2 183
2 312
2 710
2 10
2 576
2 180
2 840
2 629
2 637
2 451
2 502
2 971
2 712
2 603
2 814
2 730
2 114
2 989
2 117
2 765
2 857
2 520
2 42
2 739
2 206
2 105
2 361
2 809
2 735
2 952
2 303
2 897
2 528
2 303
2 959
2 92
2 627
2 15
2 617
2 733
2 882
2 84
2 85
2 240
2 52
2 644
2 865
2 121
2 194
2 901
2 788
2 924
2 138
2 668
2 335
1 571
2 275
2 566
2 993
2 412
2 847
2 210
2 940
2 18
2 28
2 363
2 876
2 567
2 36
2 841
2 163
2 376
2 86
2 932
2 7
2 879
2 169
2 203
2 221
2 143
2 144
2 872
2 418
2 363
2 246
2 905
2 585
2 346
2 198
2 913
2 205
2 66
2 631
2 278
2 178
2 606
2 457
2 158
2 575
2 668
2 694
2 253
2 519
2 338
2 927
2 482
2 571
2 532
2 999
2 896
2 988
2 241
2 483
2 453
2 702
2 723
2 419
1 803
2 331
2 646
2 25
2 997
2 672
2 383
2 524
2 971
2 720
2 794
2 353
2 259
2 687
2 543
2 782
2 692
2 199
2 648
2 742
2 455
2 822
2 548
2 933
2 845
2 631
2 442
2 770
2 325
2 257
2 125
2 224
2 465
2 891
2 475
2 205
2 294
2 796
2 748
2 951
2 8
2 196
2 864
2 818
2 178
2 882
2 232
2 77
2 724
2 52
2 859
2 783
2 36
2 989
2 563
2 74
2 977
2 881
2 981
2 902
2 557
2 897
2 236
2 880
2 405
2 313
2 981
2 232
2 845
2 335
2 106
2 34
2 699
2 87
2 496
2 386
2 780
2 446
2 676
2 588
1 806
2 738
2 452
2 733
2 498
2 15
2 873
2 921
2 602
2 700
2 61
2 696
2 85
2 321
2 299
2 842
2 463
2 63
2 243
2 445
2 948
2 242
2 776
2 175
2 643
2 226
2 772
2 543
2 893
2 107
2 190
2 767
2 336
2 70
2 704
2 136
2 120
2 503
2 412
2 174
2 671
2 416
2 686
2 383
2 826
2 575
2 812
2 627
2 362
2 388
2 808
2 30
2 174
2 630
2 744
2 853
2 772
2 982
2 920
2 421
2 789
2 297
2 929
2 998
2 735
2 335
2 963
2 41
2 411
2 511
2 515
2 225
2 403
2 712
2 778
2 719
1 335
2 167
2 182
2 992
2 900
2 106
2 992
2 179
2 324
2 891
2 22
2 321
2 462
2 74
2 684
2 101
2 964
2 896
2 50
2 40
2 876
2 88
2 161
2 634
2 210
2 340
2 741
2 246
2 117
2 803
2 36
2 273
2 325
2 278
2 895
2 118
2 53
2 117
2 105
2 29
2 266
2 774
2 34
2 835
2 467
2 914
2 474
2 595
2 879
2 89
2 909
2 471
2 481
2 621
2 875
2 720
2 701
2 120
2 564
2 555
2 511
2 33
2 767
2 324
2 437
2 882
2 932
2 12
2 840
2 762
2 959
2 957
2 965
2 805
2 972
2 146
2 568
2 800
2 190
2 346
2 135
2 622
2 208
2 763
2 685
2 744
2 590
2 6
2 114
2 259
2 759
2 683
2 162
2 519
2 20
2 427
2 770
2 141
2 551
2 759
2 694
2 180
2 942
2 800
1 273
2 272
2 487
2 181
2 720
2 106
2 723
2 823
2 686
2 918
2 712
2 222
2 823
2 244
2 832
2 589
2 513
2 579
2 394
2 271
2 461
2 139
2 620
2 547
2 674
2 639
2 924
2 518
2 13
2 881
2 121
2 730
2 198
1 294
2 783
2 741
2 379
2 69
2 431
2 2
2 135
2 257
2 38
2 608
2 899
2 408
2 699
2 119
2 936
2 864
2 868
2 955
2 970
2 911
2 959
2 277
2 690
2 835
2 956
2 212
2 851
2 373
2 607
2 348
2 799
2 28
2 406
2 362
2 644
2 189
2 662
2 305
2 12
2 989
2 785
2 986
2 949
2 479
2 299
2 895
2 20
2 208
2 549
2 196
2 379
2 595
2 888
2 832
2 789
2 609
2 776
2 164
2 836
2 308
2 168
2 391
2 95
2 870
2 341
2 158
2 914
2 101
2 802
2 794
2 871
2 261
2 978
2 447
2 539
2 240
2 871
2 374
2 943
2 90
2 620
2 318
2 653
2 977
2 224
2 967
2 68
2 953
2 692
2 11
2 741
2 220
2 738
2 341
2 959
2 600
2 728
2 197
2 666
2 639
2 915
2 107
2 455
2 563
2 577
2 857
2 260
2 401
2 173
2 597
2 872
2 478
2 90
2 186
2 242
2 360
2 894
2 346
2 44
2 320
2 751
2 189
2 505
2 598
2 852
2 880
2 297
2 913
2 765
2 340
2 873
2 1
2 149
2 449
2 93
2 117
2 438
2 742
2 149
2 875
2 651
2 908
2 980
2 279
2 608
2 750
2 794
2 902
2 15
2 355
2 476
2 471
2 337
2 967
2 57
2 785
2 276
2 383
2 141
2 633
2 258
2 273
2 577
2 294
2 987
2 984
2 690
2 158
2 536
2 54
2 437
2 69
2 397
2 851
2 40
2 736
2 679
2 961
2 277
2 410
2 363
2 168
2 617
2 862
2 930
2 712
2 513
2 742
2 872
2 172
2 740
2 993
2 382
2 985
2 217
2 273
2 279
2 604
2 834
2 997
2 807
2 372
2 161
2 891
2 677
2 143
2 333
2 617
2 458
2 340
2 485
2 765
2 834
2 528
2 141
2 834
2 461
2 900
2 874
2 151
2 356
2 307
2 954
2 566
2 983
2 365
2 885
2 912
2 932
2 362
2 308
2 73
2 623
2 71
2 562
2 325
2 57
1 460
2 72
2 725
2 260
2 586
2 440
2 233
2 744
2 31
2 687
2 750
2 84
2 280
2 924
2 464
2 584
1 78
2 596
2 808
2 50
2 371
2 148
2 692
2 677
2 388
2 395
2 432
2 958
2 287
2 759
2 808
2 461
2 667
2 714
2 569
2 305
2 533
2 182
2 576
2 845
2 145
2 415
2 284
2 269
2 337
2 205
2 487
2 89
2 881
2 606
2 905
2 154
2 775
2 889
2 321
2 829
2 917
2 701
2 332
2 595
2 568
2 589
2 510
2 521
2 171
2 677
2 353
2 604
2 299
2 705
2 598
2 725
2 749
2 727
2 873
2 962
2 468
2 273
2 503
2 86
2 340
2 315
2 594
2 329
2 677
2 490
2 896
2 124
2 11
2 472
2 262
2 425
2 984
2 933
2 364
2 689
2 335
2 412
2 59
2 129
2 767
2 974
2 771
2 917
2 311
2 375
2 58
2 58
2 953
2 216
2 227
2 269
2 311
2 494
2 404
2 52
2 292
2 475
2 837
2 977
2 130
2 307
2 43
1 713
2 326
2 175
2 782
2 390
2 837
2 529
2 951
2 443
2 351
2 737
2 184
2 641
2 60
2 726
2 775
2 133
2 884
1 301
2 24
2 335
2 268
2 413
2 520
2 190
2 880
2 440
2 492
2 88
2 248
2 794
2 488
2 258
2 87
2 832
2 815
2 409
2 177
2 454
2 287
2 509
2 420
2 551
2 646
2 253
2 436
2 542
2 157
2 443
2 326
2 758
2 368
2 199
2 219
2 393
2 525
2 515
2 445
2 705
2 411
2 132
2 146
2 675
2 638
2 699
2 198
2 426
2 195
2 309
2 233
2 31
2 482
2 480
2 388
2 98
2 469
2 574
2 281
2 963
2 342
2 118
2 212
2 909
2 510
2 997
2 980
2 504
2 636
2 357
2 782
1 564
2 852
2 448
2 97
2 621
2 321
2 930
2 804
2 168
2 774
2 254
2 288
2 984
2 115
2 745
2 746
2 210
2 883
2 90
2 717
2 1
2 711
2 619
2 379
2 651
2 667
2 613
2 202
2 308
2 875
2 836
2 337
2 989
2 947
2 713
2 206
2 232
2 478
2 75
2 899
2 409
2 358
2 454
2 923
2 911
2 257
2 550
2 433
2 46
2 525
2 768
2 773
2 734
2 204
2 74
2 170
2 10
2 756
2 205
2 436
2 93
2 539
2 409
2 274
2 951
2 311
2 670
2 964
2 698
2 688
2 784
2 650
2 410
2 234
2 957
2 646
2 7
2 376
2 42
2 858
2 221
2 540
2 201
2 639
2 652
2 765
2 526
2 833
2 762
1 612
2 513
2 558
2 203
2 604
2 229
2 292
2 973
2 503
2 122
2 812
2 85
2 737
2 302
2 846
2 110
2 495
2 73
2 862
2 934
2 708
2 866
2 159
2 457
2 579
2 964
2 591
2 446
2 919
2 685
2 924
2 69
2 80
2 842
2 828
2 132
2 562
2 323
2 296
2 157
2 348
2 839
2 876
2 592
2 413
2 146
2 149
2 964
2 892
2 959
2 540
2 989
2 697
2 709
2 894
2 765
2 742
2 67
2 811
2 222
2 674
2 967
2 733
2 615
2 153
2 280
2 843
2 955
2 290
2 365
2 545
2 229
2 644
2 155
2 193
2 764
2 158
2 494
2 845
2 451
2 24
2 138
2 309
2 418
2 28
2 1000
2 878
2 274
2 318
2 975
2 211
2 722
2 304
2 524
2 922
2 138
2 518
2 830
2 34
2 783
2 826
2 560
2 459
2 807
2 608
2 542
2 475
2 781
2 564
2 70
2 626
2 36
2 298
2 138
2 177
2 500
2 183
2 587
2 105
2 986
2 597
2 585
2 444
2 438
2 680
2 69
2 408
2 498
2 372
2 858
2 452
2 878
2 865
2 737
2 139
2 35
2 302
2 501
2 699
2 448
2 867
1 46
2 878
2 498
2 580
2 232
2 777
2 362
2 685
2 516
2 845
2 532
2 844
2 330
2 351
2 709
2 692
2 112
2 309
2 129
2 234
2 373
2 981
2 372
2 448
2 77
2 372
2 303
1 348
2 103
2 568
2 387
2 178
2 874
2 956
2 158
2 853
2 237
2 967
2 960
2 569
2 706
2 698
2 663
2 648
2 253
2 568
2 747
2 953
2 273
2 755
2 201
2 990
2 423
2 739
2 221
2 568
2 751
2 752
2 703
2 317
2 437
2 127
2 550
2 418
2 29
2 214
2 125
2 85
2 37
2 542
2 822
2 807
2 43
2 188
2 113
2 257
2 288
2 183
2 700
2 397
2 54
2 414
2 819
2 278
2 383
2 46
2 65
2 893
2 41
2 559
2 51
2 960
2 142
2 109
2 886
2 276
2 389
2 812
2 513
2 464
2 734
2 787
2 226
2 680
2 965
2 912
2 452
2 113
2 469
2 733
2 276
2 90
2 938
2 149
2 83
2 533
2 385
2 877
2 349
2 268
2 748
2 67
2 879
2 873
2 891
2 813
2 688
2 94
2 436
2 176
2 650
2 279
2 960
2 915
2 275
2 119
2 802
2 498
2 916
2 974
2 627
2 945
2 969
2 968
2 17
2 110
2 12
2 332
2 332
2 563
2 963
2 690
2 433
2 502
2 109
2 786
2 634
2 370
2 614
2 922
2 309
2 954
2 220
2 621
2 586
2 555
2 378
2 34
2 462
2 468
2 142
2 673
2 398
2 808
2 863
2 292
2 208
2 746
2 929
2 397
2 187
2 280
2 328
2 185
2 440
2 169
2 726
2 154
2 744
2 360
2 201
2 369
2 862
2 420
2 41
2 587
2 847
2 777
2 355
2 165
2 953
2 616
2 301
2 387
2 47
2 95
2 19
2 203
2 94
2 213
2 660
2 614
2 406
2 939
2 915
2 525
2 775
2 100
2 467
2 663
2 897
2 44
2 152
2 876
2 992
2 387
2 834
2 937
2 812
2 506
2 888
2 450
2 642
2 49
2 690
2 521
2 470
2 996
2 911
2 467
2 903
2 638
2 921
2 312
2 685
2 463
2 147
2 792
2 290
2 22
2 536
2 198
2 993
2 893
2 699
2 607
2 250
2 224
2 328
2 177
2 771
2 81
2 651
2 893
2 798
2 486
2 768
2 933
1 272
2 930
2 952
2 937
2 549
2 178
2 76
2 623
2 534
2 473
2 103
2 875
2 728
2 875
2 391
2 617
2 480
2 984
2 390
2 816
2 590
2 315
2 412
2 353
2 765
2 667
2 117
2 774
2 462
2 327
2 374
2 131
2 313
2 174
2 458
2 528
2 991
2 769
2 529
2 375
2 160
2 380
2 545
2 178
2 900
2 640
2 406
2 795
2 135
2 838
2 19
2 396
2 559
2 168
2 670
2 962
2 81
2 10
2 709
2 794
2 417
2 346
2 352
2 839
2 58
2 797
2 142
2 821
2 542
2 836
2 147
2 145
2 216
2 518
2 444
2 262
2 281
2 767
2 78
2 899
2 395
2 754
2 155
2 789
2 255
2 3
2 778
2 591
2 672
2 599
2 233
2 330
2 8
2 913
2 439
2 169
1 784
1 892
2 786
2 344
2 285
2 532
2 493
2 619
2 5
2 365
2 975
2 208
2 329
2 115
2 501
2 401
2 405
2 422
2 703
2 452
2 261
2 494
2 946
2 472
2 140
2 824
2 918
2 341
2 23
2 806
2 326
2 548
2 785
2 477
2 293
2 857
2 924
2 717
2 13
2 44
2 578
2 776
2 142
2 903
2 918
2 793
2 649
2 368
2 93
2 939
2 285
2 183
2 949
2 597
2 955
2 830
2 291
2 666
2 608
2 398
2 543
2 528
2 65
2 180
2 546
2 44
2 811
2 393
2 76
2 842
2 69
2 169
2 767
2 934
2 35
2 61
2 483
2 420
2 964
2 448
2 711
2 351
2 185
2 690
2 456
2 570
2 805
2 354
2 493
2 507
2 69
2 688
2 444
2 600
2 887
2 263
2 674
2 558
2 542
2 937
2 360
2 69
2 343
2 7
2 823
2 989
2 813
2 794
2 646
2 576
2 568
2 406
2 174
2 653
2 26
2 232
2 5
2 500
2 357
2 428
2 574
2 77
2 263
2 231
2 887
2 742
2 186
2 839
2 493
2 813
2 732
2 362
2 602
2 600
2 921
2 97
2 840
2 394
2 141
2 287
2 175
2 90
2 262
2 445
2 714
2 953
2 189
2 91
2 396
2 737
2 826
2 202
2 333
2 90
2 369
2 325
2 556
2 702
2 449
2 2
2 738
2 202
2 652
2 891
2 410
2 31
2 933
2 293
2 729
2 343
2 842
2 653
2 294
