100 200
2 1
3 2
4 3
5 2
6 3
7 5
8 3
9 7
10 5
11 5
12 11
13 5
14 7
15 14
16 5
17 12
18 15
19 1
20 8
21 9
22 1
23 3
24 6
25 24
26 8
27 15
28 24
29 19
30 14
31 11
32 14
33 22
34 12
35 20
36 31
37 28
38 35
39 35
40 39
41 17
42 16
43 38
44 42
45 3
46 36
47 32
48 32
49 12
50 12
51 27
52 12
53 41
54 9
55 41
56 51
57 41
58 17
59 29
60 27
61 12
62 31
63 13
64 50
65 35
66 55
67 29
68 10
69 67
70 30
71 22
72 60
73 6
74 60
75 54
76 8
77 75
78 13
79 62
80 25
81 20
82 7
83 3
84 36
85 35
86 10
87 76
88 50
89 39
90 22
91 26
92 55
93 87
94 11
95 73
96 93
97 59
98 91
99 1
100 39
2 74
2 41
1 52
1 7
2 52
1 89
2 98
2 88
1 56
1 84
2 69
2 4
2 89
1 61
2 49
2 15
1 83
1 51
2 94
1 72
2 64
1 94
2 34
1 68
2 48
2 59
1 58
1 41
1 62
1 57
2 64
1 92
2 90
1 45
1 44
2 54
2 33
2 32
1 18
1 32
2 44
1 59
1 21
1 54
2 98
2 5
2 19
1 69
2 58
1 86
2 25
2 69
1 43
2 78
2 74
2 15
2 87
1 22
1 23
1 29
1 28
1 36
1 25
1 49
2 18
2 9
1 47
1 19
2 94
2 77
1 24
1 3
1 90
2 82
2 35
1 37
1 6
1 12
1 91
2 88
1 77
2 75
1 85
2 34
2 18
2 12
1 5
2 75
1 98
1 9
2 9
1 76
1 14
2 73
2 58
1 42
1 71
1 40
2 76
2 32
2 66
2 52
2 49
1 97
2 11
2 62
2 74
2 25
1 74
2 78
2 22
1 64
2 65
1 60
1 17
1 99
2 10
2 48
2 83
1 33
1 16
2 16
2 34
1 20
2 52
1 8
2 23
1 95
1 75
1 87
2 74
1 30
2 32
2 72
1 67
1 50
1 4
2 80
2 71
1 11
1 53
2 98
1 15
2 30
2 18
1 39
1 46
1 82
1 93
2 53
2 86
2 89
1 55
1 96
1 63
2 79
1 38
1 73
1 2
2 33
1 81
1 10
2 49
1 48
2 8
1 26
1 78
2 91
2 34
1 100
2 94
1 80
2 37
2 79
1 70
1 13
2 8
1 27
2 31
2 60
2 93
1 34
2 14
2 72
2 60
2 71
1 88
1 35
2 63
2 44
1 66
1 65
2 42
1 31
1 79
2 7
2 85
2 70
2 24
2 12
