100 200
2 1
3 1
4 2
5 3
6 5
7 1
8 6
9 6
10 7
11 1
12 10
13 3
14 2
15 11
16 9
17 12
18 10
19 1
20 19
21 5
22 7
23 7
24 6
25 17
26 3
27 2
28 1
29 16
30 27
31 1
32 21
33 27
34 26
35 34
36 10
37 26
38 22
39 7
40 3
41 21
42 20
43 25
44 43
45 35
46 40
47 28
48 16
49 11
50 48
51 23
52 12
53 46
54 51
55 27
56 52
57 41
58 46
59 29
60 38
61 43
62 54
63 31
64 19
65 55
66 56
67 13
68 42
69 53
70 1
71 69
72 25
73 63
74 11
75 58
76 74
77 75
78 37
79 59
80 40
81 1
82 52
83 23
84 31
85 35
86 12
87 37
88 72
89 27
90 17
91 37
92 47
93 12
94 21
95 93
96 10
97 39
98 84
99 56
100 97
1 83
2 42
2 18
2 48
1 20
2 44
2 52
1 50
2 15
2 65
1 70
2 13
1 92
1 81
1 48
2 16
1 96
1 36
2 58
2 10
1 5
2 89
1 15
1 87
2 73
2 40
1 46
2 43
2 48
2 59
1 79
2 76
1 73
2 74
1 52
2 17
1 10
2 31
2 24
1 88
2 60
2 86
2 46
1 2
2 63
2 87
2 16
2 100
2 9
1 78
1 13
2 64
1 40
2 7
2 43
1 84
1 64
2 85
2 4
1 55
2 12
1 59
1 63
1 35
1 49
1 80
2 19
2 41
2 93
2 10
2 95
1 100
2 10
1 86
1 23
1 67
1 9
1 42
1 37
2 84
1 18
2 2
2 43
2 7
2 26
1 58
1 21
2 26
2 14
1 90
1 60
1 12
1 6
2 62
1 25
2 38
2 5
1 97
1 95
1 82
2 64
2 50
2 99
1 32
1 72
1 98
2 81
1 77
1 68
1 29
2 67
1 53
1 27
2 67
2 52
2 43
1 74
2 43
1 56
2 71
2 42
1 76
1 7
2 83
1 14
2 40
1 16
2 24
1 75
1 3
2 82
1 47
2 39
2 70
2 90
1 93
1 65
2 25
1 19
1 89
1 4
1 8
2 90
1 17
1 33
2 39
1 51
2 74
1 94
2 64
1 61
1 26
1 54
1 57
1 69
1 39
2 69
1 24
2 18
2 45
1 34
1 91
2 84
1 44
1 66
2 51
2 95
1 99
2 55
2 52
2 35
2 3
2 15
2 14
2 71
1 28
2 8
2 30
2 16
1 22
1 38
2 14
1 45
2 11
1 41
2 90
1 85
2 2
2 98
1 71
1 31
2 26
2 22
1 11
2 56
2 28
1 43
1 62
2 41
1 30
