1000 2000
2 1
3 2
4 2
5 1
6 2
7 3
8 4
9 4
10 3
11 9
12 1
13 11
14 3
15 12
16 12
17 5
18 1
19 15
20 10
21 13
22 19
23 19
24 20
25 5
26 15
27 26
28 3
29 4
30 22
31 20
32 5
33 1
34 17
35 31
36 5
37 9
38 13
39 32
40 32
41 33
42 21
43 17
44 16
45 26
46 3
47 17
48 45
49 39
50 13
51 16
52 43
53 35
54 44
55 32
56 41
57 41
58 52
59 4
60 46
61 49
62 7
63 14
64 41
65 41
66 19
67 19
68 11
69 2
70 47
71 52
72 26
73 5
74 50
75 43
76 54
77 39
78 73
79 5
80 17
81 65
82 34
83 65
84 17
85 34
86 67
87 40
88 38
89 7
90 40
91 39
92 4
93 42
94 17
95 67
96 58
97 90
98 88
99 83
100 48
101 35
102 4
103 79
104 40
105 89
106 62
107 8
108 96
109 31
110 55
111 74
112 101
113 104
114 66
115 87
116 74
117 27
118 98
119 41
120 57
121 45
122 27
123 59
124 32
125 53
126 27
127 45
128 60
129 74
130 126
131 129
132 85
133 88
134 37
135 52
136 29
137 97
138 114
139 81
140 122
141 128
142 51
143 122
144 124
145 31
146 19
147 68
148 123
149 60
150 65
151 70
152 103
153 7
154 139
155 64
156 92
157 16
158 134
159 124
160 22
161 148
162 18
163 119
164 50
165 108
166 124
167 134
168 163
169 83
170 98
171 61
172 56
173 18
174 19
175 138
176 26
177 144
178 95
179 73
180 34
181 54
182 152
183 59
184 134
185 23
186 138
187 58
188 25
189 188
190 145
191 22
192 48
193 169
194 88
195 1
196 162
197 144
198 38
199 84
200 18
201 38
202 14
203 43
204 199
205 157
206 3
207 59
208 99
209 156
210 41
211 169
212 58
213 38
214 193
215 139
216 138
217 214
218 126
219 14
220 159
221 113
222 144
223 198
224 170
225 144
226 65
227 63
228 212
229 58
230 80
231 67
232 58
233 10
234 45
235 21
236 113
237 225
238 167
239 125
240 31
241 20
242 52
243 129
244 138
245 75
246 78
247 196
248 80
249 4
250 77
251 96
252 247
253 166
254 92
255 105
256 62
257 177
258 241
259 148
260 250
261 145
262 139
263 43
264 122
265 93
266 194
267 204
268 191
269 21
270 187
271 219
272 26
273 66
274 245
275 108
276 110
277 129
278 166
279 58
280 123
281 256
282 254
283 195
284 149
285 1
286 168
287 230
288 266
289 56
290 13
291 120
292 111
293 242
294 275
295 270
296 116
297 274
298 84
299 178
300 65
301 97
302 157
303 255
304 110
305 161
306 90
307 286
308 100
309 172
310 137
311 68
312 138
313 193
314 86
315 167
316 99
317 236
318 46
319 138
320 2
321 308
322 164
323 107
324 276
325 9
326 10
327 255
328 14
329 151
330 116
331 245
332 304
333 71
334 180
335 113
336 4
337 38
338 153
339 154
340 321
341 13
342 24
343 223
344 26
345 201
346 15
347 199
348 253
349 161
350 170
351 257
352 167
353 132
354 129
355 250
356 84
357 39
358 133
359 35
360 184
361 137
362 66
363 128
364 265
365 363
366 264
367 320
368 41
369 76
370 116
371 348
372 58
373 251
374 93
375 225
376 281
377 274
378 235
379 5
380 5
381 263
382 371
383 316
384 211
385 9
386 111
387 206
388 258
389 335
390 65
391 364
392 304
393 71
394 122
395 80
396 22
397 96
398 62
399 319
400 262
401 290
402 367
403 195
404 263
405 255
406 204
407 17
408 328
409 349
410 15
411 314
412 94
413 23
414 331
415 123
416 365
417 137
418 385
419 363
420 350
421 292
422 230
423 362
424 206
425 66
426 50
427 258
428 405
429 132
430 224
431 124
432 266
433 410
434 293
435 217
436 284
437 8
438 42
439 6
440 243
441 200
442 176
443 375
444 2
445 41
446 422
447 329
448 294
449 124
450 239
451 181
452 69
453 386
454 29
455 145
456 79
457 360
458 56
459 377
460 184
461 308
462 187
463 418
464 408
465 314
466 333
467 378
468 34
469 73
470 361
471 344
472 227
473 296
474 4
475 4
476 171
477 473
478 107
479 168
480 129
481 31
482 65
483 82
484 338
485 122
486 157
487 172
488 82
489 346
490 421
491 382
492 418
493 490
494 305
495 87
496 88
497 143
498 253
499 441
500 208
501 387
502 387
503 465
504 46
505 444
506 371
507 196
508 276
509 485
510 367
511 421
512 295
513 465
514 392
515 293
516 377
517 369
518 291
519 462
520 430
521 283
522 14
523 71
524 76
525 411
526 393
527 277
528 436
529 10
530 94
531 517
532 414
533 69
534 252
535 508
536 80
537 479
538 455
539 283
540 239
541 11
542 144
543 53
544 405
545 177
546 301
547 261
548 210
549 490
550 20
551 210
552 242
553 440
554 488
555 16
556 521
557 289
558 215
559 61
560 477
561 505
562 267
563 323
564 398
565 121
566 392
567 310
568 262
569 382
570 72
571 166
572 55
573 250
574 487
575 39
576 551
577 434
578 292
579 330
580 110
581 575
582 289
583 542
584 234
585 406
586 232
587 390
588 88
589 276
590 563
591 145
592 582
593 284
594 543
595 81
596 30
597 517
598 387
599 461
600 59
601 445
602 236
603 344
604 166
605 169
606 507
607 551
608 235
609 592
610 95
611 84
612 356
613 175
614 230
615 423
616 454
617 435
618 122
619 295
620 254
621 213
622 373
623 465
624 559
625 291
626 378
627 392
628 568
629 418
630 392
631 352
632 244
633 252
634 37
635 310
636 113
637 202
638 543
639 373
640 133
641 141
642 620
643 617
644 430
645 250
646 556
647 68
648 521
649 458
650 6
651 19
652 514
653 55
654 602
655 328
656 433
657 330
658 295
659 179
660 625
661 642
662 162
663 60
664 379
665 433
666 180
667 407
668 627
669 645
670 463
671 476
672 516
673 216
674 390
675 6
676 46
677 263
678 49
679 637
680 625
681 456
682 299
683 209
684 242
685 20
686 66
687 12
688 296
689 523
690 673
691 504
692 360
693 137
694 276
695 147
696 38
697 104
698 120
699 653
700 246
701 525
702 594
703 523
704 624
705 635
706 440
707 693
708 93
709 464
710 611
711 403
712 670
713 381
714 266
715 118
716 625
717 667
718 682
719 170
720 574
721 466
722 713
723 563
724 33
725 414
726 205
727 489
728 723
729 114
730 677
731 77
732 276
733 53
734 160
735 658
736 520
737 260
738 194
739 52
740 662
741 388
742 214
743 444
744 522
745 624
746 537
747 142
748 270
749 25
750 231
751 711
752 658
753 504
754 265
755 6
756 98
757 660
758 445
759 25
760 71
761 606
762 493
763 473
764 219
765 265
766 638
767 130
768 629
769 50
770 320
771 458
772 429
773 38
774 433
775 732
776 376
777 233
778 311
779 605
780 749
781 227
782 141
783 160
784 773
785 720
786 432
787 662
788 438
789 460
790 289
791 510
792 230
793 562
794 568
795 711
796 272
797 380
798 562
799 390
800 413
801 326
802 222
803 203
804 711
805 366
806 740
807 194
808 782
809 727
810 587
811 47
812 531
813 13
814 369
815 386
816 477
817 483
818 43
819 792
820 42
821 366
822 90
823 382
824 136
825 655
826 308
827 590
828 656
829 648
830 399
831 200
832 511
833 452
834 23
835 450
836 685
837 476
838 598
839 669
840 324
841 331
842 236
843 195
844 632
845 413
846 749
847 151
848 508
849 7
850 716
851 2
852 621
853 348
854 505
855 366
856 135
857 186
858 777
859 512
860 467
861 385
862 270
863 373
864 589
865 856
866 580
867 847
868 535
869 646
870 334
871 184
872 589
873 740
874 424
875 535
876 411
877 691
878 198
879 512
880 806
881 381
882 42
883 368
884 739
885 852
886 473
887 813
888 50
889 887
890 131
891 615
892 82
893 623
894 859
895 840
896 520
897 219
898 200
899 380
900 345
901 126
902 574
903 1
904 487
905 158
906 101
907 508
908 320
909 846
910 210
911 44
912 237
913 789
914 881
915 103
916 392
917 211
918 581
919 277
920 479
921 627
922 96
923 417
924 36
925 385
926 617
927 746
928 475
929 804
930 500
931 834
932 20
933 754
934 362
935 909
936 640
937 121
938 715
939 937
940 924
941 833
942 119
943 645
944 623
945 695
946 308
947 252
948 560
949 529
950 1
951 186
952 544
953 713
954 412
955 812
956 160
957 128
958 455
959 131
960 386
961 516
962 24
963 636
964 210
965 798
966 111
967 594
968 634
969 741
970 137
971 257
972 20
973 354
974 222
975 799
976 267
977 652
978 274
979 188
980 217
981 911
982 315
983 976
984 224
985 548
986 692
987 771
988 985
989 941
990 242
991 731
992 808
993 611
994 937
995 235
996 465
997 827
998 835
999 251
1000 82
1 265
2 742
2 26
1 955
1 772
2 554
1 473
1 313
1 25
2 985
2 852
2 639
2 79
1 687
2 848
2 987
2 797
2 610
2 987
2 891
1 436
2 746
2 792
1 152
2 927
1 709
1 648
1 669
2 456
2 745
2 494
1 81
2 451
2 876
2 358
1 553
2 795
1 523
1 8
2 806
1 371
2 704
2 401
2 84
2 458
2 590
2 805
2 352
1 316
2 662
2 449
2 546
2 48
1 503
2 984
1 274
2 530
1 966
2 521
1 813
1 7
2 698
2 666
2 18
2 838
2 200
2 59
1 510
1 204
1 746
2 610
1 202
1 506
2 227
2 60
2 945
2 698
2 983
2 938
2 454
1 107
1 996
1 292
2 414
2 520
2 301
2 553
2 574
1 220
2 823
2 959
2 919
1 631
2 263
2 243
2 49
1 974
1 923
1 722
2 589
2 801
2 865
1 654
2 904
2 715
1 543
2 160
2 423
1 779
2 793
1 137
2 184
2 601
2 326
1 422
2 415
1 757
2 784
1 234
1 79
2 42
2 790
2 480
2 558
2 755
2 699
2 548
2 813
1 698
1 29
2 245
2 411
2 791
1 27
2 198
2 828
2 595
2 402
1 332
1 324
2 489
2 728
1 831
1 203
2 845
2 157
2 161
1 439
1 688
1 315
2 572
1 995
2 725
1 11
2 246
2 374
2 433
1 741
2 389
1 994
2 82
1 554
2 515
2 116
1 692
1 346
2 935
2 993
2 464
2 426
2 472
2 511
2 451
1 628
2 304
2 133
1 481
1 180
1 954
2 536
1 429
2 2
2 35
2 349
1 387
2 657
1 822
1 46
1 760
2 8
2 113
2 232
2 744
2 883
2 178
2 479
1 589
1 946
2 805
2 903
2 611
2 856
1 43
2 924
2 407
1 732
2 212
2 975
2 567
2 578
2 575
1 932
2 839
1 590
2 511
2 517
1 908
2 88
2 519
1 594
2 476
2 903
2 126
2 788
1 875
2 443
2 467
2 10
1 652
1 834
1 890
1 843
2 382
2 425
2 268
2 113
1 256
1 630
1 928
2 901
2 229
2 44
1 878
1 1000
1 487
2 153
2 195
1 494
2 456
2 77
1 214
1 343
2 537
2 330
1 939
2 597
1 52
2 301
2 951
2 532
1 456
2 12
1 177
2 540
2 25
2 199
2 49
1 308
2 833
2 761
2 777
1 483
2 752
2 563
1 910
2 32
1 629
2 826
1 845
1 934
1 68
1 664
1 70
2 566
1 459
2 506
1 50
2 393
2 833
2 775
2 214
2 252
2 632
2 240
2 344
2 781
2 617
2 107
1 386
2 181
1 513
2 546
2 949
2 500
1 127
2 560
2 220
2 850
2 854
2 239
2 291
2 134
2 644
2 362
1 539
2 873
2 501
2 146
2 494
2 39
2 907
1 624
1 717
2 267
2 444
1 190
1 793
2 927
2 690
2 679
1 296
2 132
1 696
2 261
1 34
2 65
2 837
2 189
2 438
1 599
2 624
2 786
2 869
2 872
2 195
2 245
2 604
2 467
2 360
1 238
2 931
1 964
2 852
2 606
1 747
2 923
2 524
2 608
2 565
2 497
1 847
1 254
2 601
2 181
2 766
2 328
1 708
2 344
2 983
2 211
2 363
1 39
1 991
2 716
2 232
2 832
2 959
2 417
2 494
2 787
2 442
2 70
1 344
2 583
2 871
2 213
1 366
2 245
1 54
2 102
1 927
2 130
1 638
2 302
2 528
2 881
2 691
2 837
1 548
1 236
2 592
1 653
2 231
1 987
1 977
2 784
2 420
1 379
2 47
2 352
1 673
1 608
1 411
1 435
2 411
2 939
1 737
1 270
2 452
1 139
2 484
2 800
2 480
2 434
2 245
2 535
1 798
2 458
2 927
1 106
1 391
2 84
1 364
2 36
2 199
2 531
1 19
1 307
2 683
1 20
2 35
1 53
2 752
2 244
1 536
2 818
2 40
2 625
1 485
2 405
2 374
2 510
2 499
2 875
2 620
2 77
1 331
2 993
2 864
1 897
2 212
2 911
1 886
2 532
1 721
1 818
2 148
2 379
2 691
2 492
1 884
2 479
1 580
1 508
1 373
2 135
2 777
1 378
1 48
1 18
2 132
2 352
2 844
1 309
2 355
2 58
2 938
2 623
1 266
1 659
1 778
2 823
2 280
2 628
2 918
1 945
2 468
2 891
2 443
2 239
2 447
2 458
2 507
2 242
2 960
2 195
2 807
2 945
2 24
2 193
2 140
2 596
1 162
1 36
2 241
1 426
2 417
2 449
2 705
2 421
2 504
2 117
1 130
2 877
1 598
2 313
2 666
2 302
1 207
1 312
2 444
1 449
2 450
2 460
2 751
1 577
2 955
1 724
2 511
1 224
1 60
1 159
2 176
2 272
1 26
2 796
2 936
1 576
2 394
2 621
2 525
2 558
1 883
2 789
2 511
1 222
2 482
2 101
2 298
1 395
2 588
2 151
2 391
2 621
2 812
2 668
2 547
2 496
2 764
2 122
2 736
2 499
2 575
1 359
2 593
1 264
2 647
1 65
2 106
2 469
2 647
2 129
1 271
2 815
1 334
2 749
2 202
2 839
1 249
2 551
2 312
1 914
2 186
2 341
2 928
1 193
1 376
1 957
2 305
1 626
2 730
2 311
2 986
2 512
1 901
2 207
2 446
2 891
2 17
2 697
1 325
2 875
2 703
2 345
2 982
2 899
2 353
2 931
1 2
2 628
2 803
1 472
2 299
1 141
2 493
2 436
2 336
2 208
1 283
1 49
2 927
1 136
1 633
2 104
2 111
1 943
2 465
1 453
2 549
1 452
1 509
1 257
2 617
2 499
2 819
2 580
2 57
2 987
2 12
1 408
2 917
2 913
2 892
2 455
1 838
1 990
2 420
1 351
2 956
2 493
2 570
2 226
2 86
2 312
2 887
2 619
1 175
2 516
2 277
2 448
2 831
2 71
2 68
2 354
2 930
2 216
2 278
2 21
1 858
1 937
2 197
2 681
2 428
2 305
2 241
1 777
2 922
2 557
2 273
2 945
2 186
1 561
2 1
1 766
1 197
2 675
2 218
2 937
2 197
1 474
1 881
2 672
1 300
2 999
2 701
2 730
2 742
2 563
2 726
2 177
1 444
2 50
1 566
1 657
2 716
2 133
1 998
2 232
2 36
2 93
2 168
2 87
2 174
2 608
2 15
1 980
2 121
1 390
1 282
2 386
1 597
2 417
2 4
1 248
2 939
2 758
1 635
2 820
1 41
2 695
1 480
2 548
1 495
2 370
2 118
1 651
2 565
2 218
2 481
2 357
2 394
1 322
2 962
1 194
1 899
2 538
1 678
2 324
2 556
1 201
2 932
2 577
2 55
1 475
2 146
2 438
2 353
1 922
2 89
2 420
2 41
1 171
2 947
2 841
1 63
1 345
2 759
2 164
2 893
1 340
2 776
2 1000
2 479
2 456
2 158
2 155
1 117
2 221
2 593
1 686
2 888
1 856
1 188
1 734
1 603
2 878
1 516
2 683
2 523
1 353
2 379
2 740
2 593
1 493
2 203
1 892
1 929
2 798
2 371
1 601
2 530
2 611
1 637
2 635
1 289
2 281
1 797
2 685
1 585
1 782
2 671
1 789
2 220
2 265
2 378
2 153
2 370
2 791
2 760
2 756
2 662
2 863
2 165
1 268
2 55
2 464
2 7
1 791
2 341
2 361
2 159
1 790
2 962
2 504
1 94
2 946
2 254
2 763
2 936
2 833
1 640
2 960
1 911
2 868
2 762
1 854
1 21
2 84
1 123
2 5
1 581
2 808
2 778
1 356
2 690
2 591
2 96
1 663
1 466
2 834
2 655
1 374
2 615
1 212
1 299
2 412
2 382
1 796
2 214
1 839
1 396
2 537
1 208
2 624
2 560
1 783
1 412
2 310
1 129
1 882
2 628
2 81
2 925
2 424
2 40
2 328
1 767
2 4
1 587
1 155
2 855
2 433
1 226
2 806
1 900
2 700
2 76
1 253
2 252
2 898
1 992
2 193
2 18
2 983
1 835
2 426
1 522
2 617
2 845
1 656
2 938
1 382
2 534
2 602
1 820
1 803
2 135
2 145
2 999
2 712
1 133
2 506
1 161
1 563
1 467
2 635
2 25
2 886
1 381
2 908
1 23
2 295
2 80
1 578
2 493
2 927
2 711
2 445
2 130
1 109
2 754
2 226
1 4
2 453
1 658
2 370
1 857
2 64
1 705
2 148
1 471
2 493
2 468
2 905
1 676
1 122
1 99
1 260
2 866
2 898
1 547
2 892
2 376
2 762
2 38
2 965
2 554
1 398
2 948
2 100
2 947
2 378
2 206
2 450
1 320
2 778
2 194
2 942
1 231
2 503
2 486
1 33
2 85
1 421
1 486
2 699
1 565
1 158
1 518
1 735
1 96
1 465
2 878
2 421
1 349
1 723
2 708
2 878
1 844
2 233
1 812
2 388
2 514
1 432
1 72
2 16
2 130
2 883
2 211
2 9
2 63
1 347
1 297
1 780
1 372
2 491
2 960
1 228
2 966
2 137
2 280
2 155
2 469
2 564
2 84
2 734
2 389
1 95
2 93
1 869
2 602
2 210
1 918
2 341
2 602
1 958
2 927
2 67
1 919
2 274
1 989
1 67
2 338
2 790
2 290
1 579
1 679
1 215
2 323
2 803
2 472
2 246
1 999
2 590
2 572
2 616
2 745
2 169
2 141
1 225
1 930
2 122
1 940
2 94
2 274
2 161
1 84
2 304
2 709
2 552
1 754
1 42
2 911
2 593
1 621
1 295
2 743
2 884
1 350
2 975
2 30
2 755
2 741
1 681
2 912
1 819
2 142
1 116
1 794
2 41
2 244
2 859
1 909
1 968
2 552
2 486
2 585
2 76
2 771
1 241
2 295
2 45
2 768
2 533
2 264
2 60
2 232
2 530
2 812
1 969
2 38
2 243
2 594
1 544
1 275
1 174
2 827
2 979
2 612
2 594
2 988
1 647
2 538
2 300
1 277
1 821
1 961
2 652
2 723
2 113
1 24
1 285
2 787
1 446
2 556
2 980
2 537
1 662
2 802
2 347
2 166
1 933
1 389
1 385
1 167
1 250
2 78
2 601
2 913
2 192
2 274
1 985
2 324
1 836
2 391
1 971
1 702
2 737
1 842
1 458
1 438
2 634
2 558
2 76
2 284
2 976
2 955
2 228
1 233
2 607
2 270
2 480
2 915
2 444
2 370
1 492
2 339
2 24
1 328
1 720
1 691
2 789
1 804
1 454
1 102
1 187
1 738
2 999
2 736
1 823
2 427
2 34
2 191
2 610
2 814
2 941
2 261
1 142
2 789
2 887
2 246
2 850
2 464
2 967
1 827
2 869
1 121
1 559
1 280
2 22
2 544
1 143
2 304
1 867
2 875
2 205
1 319
2 741
1 420
1 199
1 338
1 370
2 683
1 156
2 681
2 830
1 461
2 540
2 375
1 613
1 44
1 941
1 672
2 815
2 438
2 233
2 453
1 962
1 649
2 793
1 281
2 829
2 789
2 954
1 745
1 690
2 95
1 329
1 242
2 971
2 121
2 577
2 467
2 169
2 50
2 165
2 319
2 678
1 675
2 346
2 155
1 632
2 678
2 702
2 917
2 254
2 682
2 987
2 446
2 761
2 117
2 672
2 132
2 743
2 500
2 544
2 882
2 628
2 413
1 189
2 935
2 958
2 488
1 269
1 530
2 645
2 619
1 196
1 674
2 850
2 618
1 414
2 131
1 514
2 838
2 578
2 996
1 92
2 719
2 545
2 781
2 880
2 526
2 219
2 53
2 978
2 817
2 996
2 854
2 114
2 914
2 132
2 358
2 407
2 20
1 15
1 535
1 410
2 438
2 346
2 609
1 120
2 309
2 265
1 507
2 732
2 450
2 452
2 355
2 668
2 522
2 499
2 227
2 412
2 511
2 554
2 989
2 661
2 872
2 149
1 488
2 978
1 520
2 382
2 102
2 695
2 472
2 28
2 267
2 442
2 816
2 670
1 752
2 279
1 114
1 157
2 560
1 183
2 131
2 578
2 645
2 306
2 759
1 138
2 413
2 560
2 505
2 905
1 828
2 949
1 484
1 64
2 986
2 818
2 154
2 255
1 755
2 708
1 433
2 672
2 314
1 128
2 692
2 768
2 288
2 878
1 211
2 165
2 920
1 22
1 569
2 754
2 181
2 843
2 419
1 3
2 874
2 381
2 593
2 82
2 235
1 700
1 383
1 574
2 134
2 805
2 843
2 469
2 212
2 697
2 853
1 368
2 679
1 749
1 112
1 105
2 445
1 704
2 164
2 687
1 463
1 457
2 82
1 375
2 31
2 598
2 704
1 538
2 299
2 369
2 925
2 691
1 534
1 303
2 963
1 399
1 397
1 140
2 428
2 975
2 819
2 527
2 15
2 91
2 922
1 671
1 864
2 92
2 26
2 529
2 549
2 616
1 246
2 346
2 782
2 597
2 574
2 596
1 938
2 156
2 963
1 840
2 983
1 537
2 671
2 280
1 667
2 883
1 873
1 727
2 716
2 827
1 252
1 739
2 144
1 221
1 750
2 713
2 978
2 411
2 98
2 494
2 114
1 993
1 846
1 78
2 871
1 855
2 826
2 897
2 883
2 922
2 209
2 348
2 703
2 266
2 254
2 259
2 619
2 457
2 814
2 739
2 286
2 363
2 675
2 344
2 658
1 661
2 884
2 815
2 951
2 30
2 961
2 486
2 592
1 785
2 9
1 976
2 569
2 485
1 336
1 500
2 705
2 33
2 18
1 715
2 600
1 665
1 731
1 572
2 24
2 367
2 390
2 976
1 286
1 611
2 663
2 831
2 884
2 444
2 504
1 668
1 86
2 100
1 860
1 131
2 224
2 385
2 982
1 859
2 492
2 733
2 984
1 287
2 676
2 9
1 403
2 113
2 929
2 414
2 609
1 135
2 287
2 181
2 334
2 16
2 876
2 765
2 405
2 444
2 698
2 495
2 915
2 193
2 683
1 851
2 202
2 501
2 76
1 655
2 646
2 41
1 164
2 888
2 324
1 310
2 988
1 615
1 814
1 982
2 289
2 587
1 464
2 420
2 287
1 6
2 713
1 66
1 643
1 302
2 620
2 409
2 328
1 126
2 477
1 670
2 785
2 123
2 209
1 773
1 711
1 491
2 270
2 922
1 764
2 212
1 912
1 496
2 842
1 596
2 396
1 763
2 236
2 632
1 501
2 605
2 457
1 415
1 810
2 995
1 650
2 570
2 177
2 835
1 527
1 455
2 890
2 729
2 184
2 792
1 51
2 920
2 253
2 736
1 169
1 817
2 471
2 571
2 441
2 865
2 710
1 255
2 353
2 229
1 549
2 829
2 384
1 342
1 163
2 131
1 753
2 934
1 76
2 328
1 511
1 80
1 367
2 668
1 849
2 265
2 981
2 323
1 216
2 599
2 232
1 144
2 907
1 921
2 168
1 69
2 762
2 271
2 6
2 789
1 237
2 959
1 784
1 952
1 192
2 650
2 115
2 731
2 945
1 978
2 150
2 699
1 404
1 369
1 409
1 931
1 497
2 774
2 208
2 486
2 662
1 960
2 984
1 499
2 773
1 440
2 349
2 225
2 457
2 926
2 151
1 93
2 680
2 858
1 333
1 401
2 23
2 1000
2 192
2 162
2 128
2 117
2 420
2 887
1 205
1 477
2 163
2 113
2 786
2 624
2 733
1 532
2 846
2 329
2 809
2 202
1 323
2 445
2 644
1 288
2 336
2 705
2 134
2 312
2 778
1 173
1 913
1 243
2 983
2 633
2 770
1 305
2 934
2 290
2 399
2 69
2 127
2 758
2 957
2 349
2 418
2 806
1 149
1 889
2 447
1 697
2 49
2 957
2 561
2 820
2 755
2 933
2 380
2 871
1 430
2 533
1 531
2 416
1 694
2 704
2 697
2 737
2 366
2 818
1 893
1 866
2 552
1 32
2 155
1 335
2 969
2 106
2 700
2 644
2 833
2 300
2 436
2 414
2 252
1 726
2 922
2 740
1 573
2 978
1 380
2 959
1 582
2 174
2 879
2 61
2 466
1 195
2 284
2 96
1 542
1 879
1 35
2 966
2 597
1 740
2 593
2 863
2 917
1 393
2 704
1 525
2 976
2 898
2 502
2 394
2 311
2 460
1 744
2 279
1 261
2 170
2 99
2 530
1 301
2 393
1 792
2 874
1 337
2 609
1 88
1 416
2 415
2 144
2 884
2 577
2 530
1 311
2 949
2 394
1 949
1 132
2 915
1 627
2 548
2 968
2 58
1 942
2 634
2 859
2 310
2 584
1 602
2 511
2 50
1 680
2 208
2 493
2 516
1 634
1 239
1 388
1 16
2 278
2 801
2 572
1 394
2 521
1 528
2 892
2 645
2 796
1 861
1 245
2 942
2 3
2 913
2 748
2 206
2 524
1 360
1 950
2 413
2 212
2 956
1 605
2 8
1 802
2 281
1 298
2 257
2 823
2 716
2 545
2 796
2 764
2 321
2 526
1 291
2 714
1 586
1 341
2 910
2 57
2 232
2 127
2 435
2 464
2 591
2 96
2 675
2 569
2 92
1 614
1 710
2 465
2 210
2 462
1 837
1 967
2 164
2 429
1 418
2 809
1 103
1 235
2 881
2 537
2 645
2 486
2 548
1 592
2 587
2 592
2 14
1 339
2 708
2 16
2 416
2 173
2 673
2 267
1 973
2 162
2 763
1 200
1 616
1 748
2 815
2 832
1 809
2 54
2 746
2 245
1 134
2 628
1 358
2 604
2 832
2 189
1 965
1 363
1 848
1 885
2 973
1 354
2 970
1 147
1 533
2 493
2 406
1 272
