1000 2000
2 1
3 2
4 2
5 4
6 1
7 6
8 4
9 7
10 6
11 6
12 7
13 4
14 4
15 2
16 11
17 13
18 13
19 18
20 10
21 14
22 6
23 17
24 13
25 18
26 21
27 9
28 27
29 27
30 23
31 11
32 13
33 8
34 31
35 18
36 19
37 5
38 32
39 13
40 33
41 16
42 3
43 18
44 36
45 9
46 20
47 46
48 33
49 16
50 17
51 39
52 19
53 27
54 48
55 1
56 40
57 18
58 54
59 22
60 5
61 36
62 4
63 47
64 9
65 47
66 53
67 57
68 27
69 52
70 31
71 37
72 4
73 72
74 28
75 60
76 25
77 26
78 46
79 32
80 58
81 51
82 2
83 49
84 9
85 83
86 47
87 54
88 15
89 1
90 66
91 89
92 39
93 49
94 31
95 73
96 78
97 1
98 62
99 18
100 48
101 62
102 66
103 24
104 97
105 6
106 60
107 81
108 106
109 81
110 46
111 33
112 83
113 21
114 40
115 3
116 97
117 7
118 24
119 32
120 72
121 84
122 106
123 45
124 32
125 76
126 96
127 55
128 17
129 114
130 127
131 51
132 46
133 124
134 87
135 91
136 29
137 112
138 131
139 91
140 79
141 6
142 139
143 32
144 142
145 138
146 14
147 97
148 17
149 131
150 25
151 16
152 23
153 136
154 136
155 153
156 70
157 87
158 6
159 5
160 36
161 119
162 90
163 126
164 63
165 95
166 31
167 134
168 142
169 93
170 18
171 15
172 13
173 159
174 8
175 92
176 77
177 160
178 91
179 154
180 73
181 27
182 66
183 75
184 73
185 58
186 88
187 7
188 83
189 96
190 146
191 24
192 97
193 55
194 62
195 44
196 47
197 13
198 11
199 145
200 119
201 188
202 114
203 151
204 172
205 166
206 3
207 5
208 154
209 113
210 157
211 91
212 169
213 99
214 157
215 167
216 58
217 105
218 109
219 192
220 176
221 110
222 133
223 218
224 148
225 165
226 62
227 165
228 109
229 174
230 31
231 13
232 150
233 133
234 14
235 173
236 93
237 184
238 228
239 108
240 106
241 214
242 169
243 220
244 110
245 178
246 220
247 211
248 123
249 108
250 35
251 31
252 71
253 115
254 214
255 69
256 18
257 115
258 224
259 89
260 48
261 87
262 134
263 147
264 229
265 48
266 238
267 112
268 2
269 71
270 93
271 270
272 266
273 113
274 10
275 124
276 92
277 19
278 12
279 18
280 21
281 145
282 190
283 264
284 232
285 207
286 168
287 278
288 71
289 179
290 135
291 161
292 115
293 64
294 106
295 11
296 42
297 100
298 121
299 61
300 281
301 288
302 71
303 12
304 45
305 14
306 82
307 270
308 16
309 36
310 44
311 218
312 252
313 213
314 176
315 113
316 75
317 233
318 70
319 113
320 76
321 202
322 99
323 279
324 205
325 100
326 98
327 18
328 326
329 57
330 25
331 9
332 212
333 171
334 225
335 313
336 133
337 305
338 232
339 34
340 15
341 81
342 147
343 216
344 198
345 119
346 149
347 110
348 176
349 115
350 49
351 2
352 4
353 36
354 87
355 85
356 27
357 233
358 65
359 338
360 320
361 258
362 240
363 288
364 145
365 86
366 355
367 50
368 261
369 142
370 318
371 45
372 160
373 58
374 221
375 120
376 57
377 308
378 155
379 295
380 351
381 137
382 146
383 279
384 370
385 324
386 313
387 272
388 358
389 109
390 349
391 312
392 331
393 206
394 28
395 239
396 282
397 27
398 386
399 190
400 243
401 269
402 101
403 334
404 242
405 253
406 107
407 235
408 352
409 296
410 118
411 241
412 386
413 176
414 205
415 140
416 345
417 50
418 152
419 319
420 21
421 220
422 325
423 387
424 64
425 332
426 241
427 370
428 214
429 20
430 286
431 55
432 145
433 200
434 39
435 61
436 1
437 291
438 97
439 66
440 128
441 67
442 8
443 171
444 359
445 160
446 265
447 232
448 25
449 159
450 296
451 87
452 439
453 379
454 378
455 29
456 250
457 260
458 386
459 181
460 427
461 379
462 383
463 325
464 99
465 7
466 401
467 140
468 266
469 207
470 4
471 397
472 450
473 75
474 179
475 55
476 471
477 203
478 68
479 207
480 158
481 337
482 237
483 269
484 461
485 43
486 419
487 142
488 436
489 277
490 80
491 106
492 255
493 107
494 130
495 370
496 93
497 368
498 12
499 413
500 157
501 127
502 163
503 359
504 102
505 314
506 63
507 70
508 126
509 313
510 442
511 365
512 407
513 272
514 112
515 474
516 208
517 26
518 190
519 186
520 355
521 82
522 288
523 135
524 350
525 240
526 368
527 512
528 281
529 308
530 178
531 322
532 340
533 444
534 49
535 534
536 250
537 263
538 461
539 68
540 182
541 299
542 375
543 29
544 318
545 356
546 102
547 35
548 509
549 200
550 535
551 5
552 350
553 23
554 492
555 98
556 257
557 525
558 326
559 198
560 96
561 327
562 88
563 232
564 554
565 150
566 62
567 90
568 261
569 430
570 142
571 405
572 335
573 104
574 383
575 68
576 13
577 153
578 403
579 351
580 461
581 175
582 181
583 73
584 395
585 504
586 262
587 500
588 247
589 546
590 78
591 238
592 210
593 234
594 332
595 484
596 290
597 460
598 174
599 521
600 297
601 85
602 566
603 439
604 91
605 231
606 442
607 311
608 274
609 24
610 272
611 347
612 196
613 410
614 546
615 30
616 452
617 516
618 59
619 222
620 472
621 408
622 132
623 10
624 199
625 142
626 167
627 432
628 603
629 141
630 132
631 271
632 139
633 277
634 268
635 588
636 231
637 123
638 351
639 564
640 179
641 499
642 474
643 400
644 131
645 535
646 283
647 432
648 417
649 521
650 179
651 440
652 113
653 507
654 166
655 277
656 187
657 555
658 500
659 219
660 517
661 592
662 71
663 545
664 526
665 288
666 420
667 290
668 221
669 264
670 609
671 624
672 357
673 246
674 539
675 6
676 434
677 471
678 280
679 200
680 28
681 375
682 583
683 239
684 99
685 543
686 301
687 370
688 169
689 623
690 277
691 97
692 109
693 442
694 437
695 602
696 666
697 397
698 183
699 215
700 545
701 121
702 10
703 416
704 685
705 700
706 642
707 34
708 697
709 162
710 248
711 232
712 545
713 78
714 46
715 557
716 388
717 151
718 6
719 330
720 351
721 574
722 705
723 441
724 59
725 57
726 157
727 381
728 492
729 110
730 301
731 173
732 254
733 12
734 296
735 378
736 45
737 693
738 357
739 709
740 189
741 586
742 130
743 308
744 364
745 331
746 363
747 247
748 428
749 270
750 442
751 336
752 634
753 581
754 722
755 217
756 101
757 692
758 291
759 70
760 313
761 745
762 662
763 88
764 447
765 523
766 182
767 673
768 557
769 361
770 552
771 283
772 426
773 710
774 229
775 599
776 452
777 30
778 29
779 163
780 576
781 663
782 778
783 462
784 300
785 382
786 110
787 383
788 99
789 208
790 274
791 700
792 345
793 100
794 653
795 170
796 350
797 363
798 517
799 404
800 81
801 550
802 207
803 399
804 259
805 267
806 489
807 397
808 418
809 724
810 53
811 786
812 162
813 249
814 594
815 506
816 442
817 169
818 8
819 764
820 540
821 236
822 656
823 113
824 437
825 346
826 538
827 226
828 210
829 805
830 109
831 716
832 136
833 664
834 634
835 475
836 746
837 182
838 776
839 784
840 218
841 624
842 59
843 452
844 469
845 35
846 291
847 147
848 587
849 90
850 570
851 624
852 749
853 438
854 302
855 208
856 536
857 449
858 840
859 7
860 614
861 118
862 855
863 286
864 20
865 648
866 399
867 745
868 501
869 306
870 403
871 868
872 608
873 417
874 704
875 669
876 52
877 663
878 593
879 220
880 833
881 806
882 334
883 331
884 12
885 427
886 844
887 466
888 422
889 602
890 372
891 251
892 167
893 437
894 117
895 321
896 711
897 373
898 235
899 223
900 101
901 175
902 51
903 502
904 259
905 452
906 321
907 693
908 410
909 192
910 365
911 468
912 553
913 656
914 725
915 335
916 416
917 585
918 517
919 156
920 786
921 697
922 376
923 98
924 157
925 189
926 782
927 19
928 540
929 397
930 747
931 807
932 512
933 826
934 311
935 760
936 224
937 794
938 307
939 137
940 308
941 851
942 609
943 28
944 810
945 291
946 398
947 412
948 307
949 9
950 376
951 726
952 551
953 857
954 95
955 270
956 677
957 216
958 72
959 803
960 675
961 310
962 745
963 113
964 832
965 847
966 831
967 566
968 625
969 35
970 600
971 557
972 303
973 889
974 370
975 428
976 52
977 61
978 680
979 303
980 498
981 374
982 684
983 183
984 796
985 349
986 968
987 671
988 896
989 952
990 523
991 761
992 967
993 875
994 311
995 712
996 222
997 52
998 322
999 969
1000 257
2 605
2 839
1 968
2 847
1 312
1 959
2 428
2 357
2 910
1 865
2 565
2 703
2 461
2 779
1 57
1 105
2 923
2 470
2 842
2 852
1 805
2 501
2 772
2 461
2 686
2 379
2 970
1 197
2 799
2 608
2 433
2 949
1 689
1 403
1 186
2 571
2 517
1 472
2 128
1 475
2 911
2 104
2 455
2 627
2 551
2 65
2 220
2 17
2 323
2 825
2 228
1 319
2 592
1 276
1 262
1 877
2 597
1 878
2 397
2 907
2 765
2 101
2 363
2 740
1 834
2 806
2 62
1 767
1 677
2 86
2 794
2 63
2 531
2 918
1 563
2 235
1 211
2 579
1 833
1 42
2 895
2 279
2 834
1 716
1 342
2 581
2 876
2 667
1 255
1 9
2 607
2 472
2 380
1 167
2 571
2 476
2 421
2 522
2 787
2 975
2 943
1 326
1 640
2 990
1 28
2 974
2 475
2 901
1 541
2 436
2 693
2 902
2 405
2 268
2 117
2 688
1 669
2 680
2 431
2 830
1 269
1 386
1 261
2 11
1 98
2 374
2 583
2 598
2 311
2 721
2 777
2 833
1 594
2 996
2 371
2 557
2 384
1 923
2 816
2 687
1 419
2 117
2 611
2 795
2 577
2 204
1 654
1 529
1 530
2 832
2 796
1 893
1 898
1 751
2 950
2 204
1 407
2 50
2 750
2 143
2 967
1 616
1 874
2 428
2 642
2 281
2 711
2 715
1 4
2 468
1 361
2 80
2 670
2 77
2 171
2 704
1 779
2 924
2 234
2 175
2 140
2 888
2 104
1 583
2 545
2 96
2 218
2 188
2 773
2 814
1 527
1 545
2 820
2 149
1 333
2 289
1 532
1 842
2 412
2 969
1 68
2 121
2 741
2 302
2 795
1 217
1 164
2 442
2 848
2 478
2 977
1 36
1 308
2 306
1 791
2 816
2 738
1 63
2 851
1 268
2 960
2 639
2 583
2 189
2 466
1 787
1 670
2 248
1 239
2 506
1 916
2 622
2 142
1 206
1 590
2 655
1 681
2 95
2 527
2 763
2 14
2 69
2 396
1 7
2 49
2 675
2 427
1 548
2 960
2 961
2 349
2 266
2 471
1 593
2 968
2 736
1 816
2 682
2 241
1 749
2 199
2 953
2 714
2 707
2 205
2 969
2 519
2 608
2 293
1 702
2 553
1 620
2 286
2 66
2 689
1 493
2 52
2 976
1 820
2 216
1 64
2 15
2 243
2 921
2 12
2 186
1 761
2 309
2 62
1 501
1 578
2 775
2 148
2 801
1 587
1 538
1 778
1 954
1 807
2 389
1 756
1 79
2 48
1 777
1 508
2 513
1 19
2 463
2 476
1 695
2 570
2 850
1 162
2 689
2 676
2 663
1 557
1 421
2 464
1 128
2 35
2 515
2 90
2 65
2 711
2 74
2 461
2 833
1 74
2 272
2 6
1 92
2 180
1 247
2 573
2 907
1 223
2 812
2 254
1 786
2 902
2 790
2 86
1 302
1 33
2 956
1 286
2 348
1 70
2 535
2 497
2 263
2 482
2 300
2 301
2 999
1 726
2 445
2 509
2 37
2 284
2 436
2 62
1 929
1 755
2 289
1 754
2 955
2 295
1 208
1 6
1 237
2 143
1 390
1 126
2 298
2 644
2 649
2 252
2 268
1 788
2 696
1 863
1 653
1 466
2 73
1 665
2 151
1 479
2 840
2 358
2 968
2 478
2 790
2 890
1 72
1 838
2 510
1 195
2 451
1 896
2 182
2 501
2 196
2 527
2 105
1 176
1 394
2 483
1 275
1 792
1 243
2 496
2 121
1 273
2 277
2 103
1 159
2 368
1 151
1 455
2 243
2 90
2 449
2 341
2 114
2 548
2 540
2 331
1 395
2 330
2 850
1 964
2 942
1 229
1 316
1 540
1 994
2 585
2 384
1 272
2 990
2 103
2 293
2 911
2 170
2 23
1 364
2 998
2 768
2 665
1 589
1 138
2 12
1 456
1 976
1 762
1 335
2 231
1 676
2 654
2 751
2 565
1 389
2 634
2 43
1 324
2 191
2 338
1 184
2 738
1 707
2 718
2 870
2 614
2 740
2 453
2 226
2 500
2 977
1 491
1 250
1 115
2 801
1 5
1 629
1 722
1 905
2 752
1 468
2 487
1 402
1 289
2 395
1 926
2 138
2 213
1 843
1 801
2 750
2 686
2 674
2 209
1 106
1 22
1 547
2 450
2 931
1 675
2 783
2 616
1 284
1 227
2 896
1 304
2 888
2 204
1 602
2 667
1 909
1 819
2 553
2 579
2 594
2 306
2 108
2 359
2 614
2 430
2 602
1 667
2 499
2 80
2 532
2 91
1 117
2 806
1 518
1 732
1 635
2 727
2 952
1 952
2 190
2 451
2 197
2 772
2 581
2 8
2 208
2 792
2 173
1 218
2 488
2 22
2 798
2 300
2 549
1 133
2 184
1 349
2 92
1 314
2 23
2 580
2 756
1 376
2 918
1 233
2 693
1 908
2 444
1 400
2 261
1 872
1 524
2 136
2 899
1 870
1 683
2 733
2 54
2 156
1 174
2 482
1 691
2 177
2 551
1 822
2 298
2 221
2 709
2 666
2 771
2 300
2 656
2 464
2 734
2 870
1 317
2 877
2 695
2 931
1 852
2 202
1 854
1 346
2 705
2 844
1 533
2 951
1 445
2 64
2 949
2 847
1 880
2 119
2 806
2 435
2 180
2 345
2 691
2 672
1 148
1 210
2 313
1 179
2 709
2 669
2 139
2 678
2 193
2 802
2 910
2 978
1 799
2 759
2 856
2 289
2 447
2 553
2 893
2 635
2 613
1 337
1 684
2 616
2 399
1 700
2 145
1 808
1 8
2 530
1 813
2 309
2 732
2 473
1 939
2 579
2 747
1 549
2 809
2 89
2 993
2 559
2 869
2 26
2 630
2 112
2 919
2 371
2 286
2 138
1 336
1 354
1 817
2 342
1 226
2 392
2 963
2 349
2 226
1 790
2 792
2 442
1 606
2 876
2 463
1 293
2 311
2 122
2 528
2 804
2 749
1 922
2 193
1 221
2 155
1 718
2 658
2 76
2 909
2 219
2 553
1 687
2 125
2 540
1 989
1 432
1 474
2 252
2 494
1 294
2 76
2 925
2 915
1 3
1 451
2 133
2 830
2 798
1 972
2 319
1 190
2 856
2 237
2 851
2 416
2 850
2 42
2 328
2 488
2 907
2 167
1 136
1 564
2 208
2 90
1 381
1 62
1 947
1 378
1 429
2 175
2 603
2 922
1 705
1 234
2 60
2 442
1 175
2 911
1 764
2 268
1 781
2 619
2 86
2 986
2 731
2 122
2 982
2 219
2 448
2 561
1 444
2 458
1 100
1 595
2 459
1 147
2 483
2 965
1 957
2 13
1 331
2 836
2 218
2 791
2 627
2 922
2 577
2 487
2 647
1 884
2 60
1 93
1 869
2 771
1 17
1 661
2 217
2 313
2 653
2 242
2 280
2 3
2 439
2 79
2 368
2 825
1 906
1 685
1 723
1 544
2 367
2 153
2 43
2 596
1 2
2 861
2 901
2 342
2 447
2 152
2 937
2 480
2 657
1 102
2 578
2 642
2 1
2 658
2 947
2 241
2 128
2 227
2 984
1 305
1 188
1 121
1 87
1 623
2 978
2 146
2 775
2 869
1 327
2 562
2 601
2 114
1 25
2 227
2 515
2 840
2 742
2 989
2 609
1 950
1 730
2 448
1 438
2 241
2 583
2 866
2 934
2 405
2 450
2 753
1 826
2 387
2 90
2 150
2 987
2 372
2 207
2 705
1 365
1 841
2 160
2 517
2 157
2 695
2 793
1 519
2 579
1 463
2 310
2 370
2 864
2 782
2 382
1 424
1 78
2 889
2 617
2 6
2 997
2 702
2 229
2 522
2 406
2 344
1 712
2 409
2 227
1 122
2 751
2 624
2 350
1 839
2 486
2 759
2 21
1 125
2 582
2 152
2 131
1 152
1 129
2 804
1 84
2 645
2 443
2 461
2 402
2 959
1 607
1 714
2 946
1 34
2 515
1 943
2 902
1 177
2 54
2 596
1 435
2 986
1 458
1 124
2 644
1 717
1 806
2 109
1 818
1 663
2 550
2 440
2 603
1 238
2 525
2 204
2 261
1 60
2 310
2 430
2 948
1 914
2 775
2 427
1 306
2 645
1 141
2 434
1 353
1 362
2 4
2 516
2 568
2 571
2 31
2 807
2 497
2 640
2 890
2 193
1 622
1 61
1 656
2 889
2 624
2 851
2 215
2 861
1 44
2 712
2 959
2 802
1 291
1 982
2 750
2 926
2 114
1 340
1 925
1 14
2 394
2 844
2 970
1 725
1 150
1 809
2 370
1 694
1 404
2 648
2 476
2 582
1 258
1 836
2 690
2 406
2 431
2 885
1 596
2 97
1 522
1 254
2 265
2 266
2 635
2 764
2 894
2 783
2 104
2 252
2 272
1 476
2 674
2 207
2 776
2 823
2 744
2 503
2 296
1 728
2 104
1 292
2 773
2 570
1 486
2 717
2 760
2 959
1 747
2 776
2 370
2 404
2 471
2 987
1 21
2 634
2 500
2 791
2 704
2 214
1 142
1 471
2 399
2 228
2 345
2 285
2 93
2 873
2 128
2 354
2 25
1 145
2 93
1 477
2 933
2 475
1 368
1 299
1 962
2 963
1 43
1 300
2 499
2 820
1 307
2 389
2 8
2 271
1 322
1 399
2 813
1 546
1 420
2 932
2 935
2 982
2 933
2 929
1 713
2 180
2 10
2 860
2 313
1 249
2 19
2 71
1 941
2 816
2 245
1 113
2 659
1 95
1 489
2 365
2 865
1 470
2 550
1 586
1 963
2 944
2 163
2 792
1 35
2 717
1 263
1 69
2 202
2 179
2 978
2 470
1 48
2 398
2 521
2 159
2 456
1 528
1 727
2 743
1 742
2 763
2 358
2 460
2 983
2 551
1 638
2 453
1 824
2 343
1 555
2 304
2 227
1 895
2 952
2 928
2 417
2 770
2 202
2 972
1 271
2 212
2 273
2 152
2 375
1 374
1 220
1 835
2 703
2 924
2 43
1 978
2 51
1 510
1 966
2 785
1 832
2 796
2 964
1 58
1 464
2 928
2 418
2 598
2 622
2 330
2 638
2 813
2 57
2 233
2 318
2 994
1 613
1 885
1 65
1 671
2 575
2 976
1 649
2 487
2 360
1 709
2 226
2 163
2 612
2 21
1 371
2 339
2 162
2 819
2 517
2 183
2 468
2 774
2 643
2 261
1 537
1 116
1 673
2 98
2 104
2 552
2 671
2 435
1 183
2 977
2 458
2 839
2 620
2 506
1 628
2 303
1 127
1 228
2 591
2 273
1 568
2 312
2 879
2 814
1 844
2 706
1 108
2 826
2 193
2 392
1 753
2 736
2 128
2 707
2 30
1 507
2 33
1 123
2 286
2 550
1 426
2 109
2 537
2 959
2 705
2 575
1 800
2 202
2 232
2 604
2 172
1 442
1 441
1 940
2 27
2 517
1 760
2 228
2 269
1 433
2 827
1 734
2 860
2 479
2 356
1 612
1 413
2 425
1 83
2 95
1 513
1 511
2 157
2 962
2 460
1 341
2 479
1 134
2 322
2 72
2 519
2 643
2 573
2 788
2 895
1 828
1 182
2 309
2 962
1 352
1 251
2 627
2 185
2 652
2 535
1 864
1 465
2 93
1 642
2 148
1 55
2 676
1 918
2 723
2 778
1 132
2 524
1 348
2 114
2 709
2 861
1 558
1 53
2 226
2 315
1 166
2 813
2 132
1 158
2 604
2 609
2 725
2 258
1 804
2 338
2 909
1 235
1 811
1 848
2 407
1 759
1 103
2 987
2 303
1 196
1 910
1 655
2 855
1 575
2 23
2 158
2 183
2 534
2 134
2 342
2 451
1 873
2 57
2 869
2 258
2 64
2 922
2 154
2 983
2 971
2 640
2 282
1 185
1 460
1 209
1 168
2 545
1 90
1 674
1 204
2 124
2 568
2 810
2 470
2 34
1 321
1 636
2 179
2 865
1 169
2 316
1 752
1 140
1 735
2 789
2 20
2 451
1 903
2 790
2 186
2 624
2 313
2 257
1 988
1 506
2 873
2 717
2 560
2 631
2 445
2 385
1 77
2 462
2 705
1 425
2 930
2 637
2 273
2 83
2 574
2 901
2 360
2 780
2 112
2 74
2 309
1 310
2 383
2 222
2 127
2 167
2 291
2 439
2 749
2 522
2 198
1 998
2 642
2 247
2 9
1 232
2 29
1 773
2 247
1 110
2 65
1 719
2 153
1 509
2 1
1 605
2 28
1 645
2 79
1 99
2 208
2 860
1 859
2 927
2 847
2 513
2 472
1 267
2 558
1 783
1 924
1 736
1 853
2 412
1 171
2 452
1 242
2 421
2 976
2 3
1 862
2 119
2 439
2 799
2 351
2 598
2 402
2 48
1 498
2 898
1 617
2 695
2 852
2 280
2 376
2 543
2 545
1 454
2 351
1 615
1 750
1 387
2 561
2 342
2 609
1 88
2 766
2 473
1 855
2 722
2 195
2 922
1 178
2 867
2 112
1 40
2 244
2 613
2 141
2 171
1 370
2 660
1 626
1 478
1 500
2 201
2 313
1 499
2 534
2 298
1 768
1 482
2 696
2 914
2 279
2 61
2 968
1 706
2 736
1 634
1 75
1 879
1 369
2 160
2 738
2 969
1 469
2 318
2 71
1 503
1 11
2 338
2 210
2 248
2 978
2 180
2 394
2 876
2 663
2 947
2 103
2 492
2 969
2 719
1 180
2 349
2 507
2 974
2 423
2 528
2 960
2 78
1 109
1 614
2 323
2 403
1 643
2 808
1 1000
1 693
2 285
2 222
2 927
1 887
2 250
2 996
2 431
2 517
1 875
2 765
2 325
2 200
2 176
2 604
1 202
2 217
2 467
2 177
2 655
2 442
2 554
2 225
2 485
2 46
2 286
1 41
1 739
2 553
2 468
2 693
2 954
2 752
2 985
1 601
2 653
2 775
1 883
1 452
1 512
1 325
2 683
2 200
2 306
2 95
1 505
2 369
2 31
2 828
2 729
2 988
2 41
2 789
2 604
2 301
2 214
2 344
2 805
2 924
2 380
2 561
1 639
2 579
2 733
2 60
2 277
1 766
1 932
1 443
2 168
2 540
2 355
1 502
2 899
2 267
2 541
1 411
1 876
2 633
2 93
2 110
2 233
2 853
1 692
2 639
2 565
2 384
2 476
2 255
1 619
2 408
1 288
2 292
1 203
2 49
1 504
2 191
2 793
2 671
1 245
2 359
2 862
2 167
2 247
2 847
2 832
2 189
2 16
1 810
1 711
2 439
2 354
2 273
2 123
1 71
2 42
2 629
2 318
2 376
2 820
2 716
1 850
2 443
2 375
2 830
2 955
2 650
1 112
2 477
2 254
2 745
1 23
1 776
1 461
2 646
2 532
2 827
2 681
2 173
1 165
1 31
1 332
2 341
1 462
1 120
2 113
1 446
1 118
2 889
2 754
2 379
2 1
2 102
2 171
1 871
2 44
2 437
2 456
2 858
1 392
1 965
2 850
1 56
2 56
2 576
1 772
2 297
2 509
2 460
2 735
2 104
2 908
2 854
2 26
1 560
1 282
2 965
1 894
2 365
2 174
1 958
1 648
1 66
1 49
2 151
1 393
1 111
2 176
1 731
2 8
2 318
2 457
2 498
2 327
1 26
2 798
2 588
1 936
2 14
2 815
2 522
2 995
2 438
2 143
1 496
2 666
2 217
1 490
1 345
2 471
2 107
2 88
1 794
2 927
1 347
2 142
1 149
2 298
2 964
2 565
1 911
2 308
2 705
2 250
2 976
2 830
2 937
2 20
1 198
1 931
2 980
2 887
1 708
2 978
1 473
1 358
2 580
1 278
2 470
2 906
2 948
2 480
2 807
1 680
2 993
2 476
2 78
2 841
2 122
2 793
2 977
2 538
2 488
2 623
2 434
2 373
2 744
1 173
1 765
2 498
1 497
2 680
2 400
2 196
1 825
2 887
2 295
2 419
2 502
1 660
2 822
2 858
2 265
2 176
2 347
1 15
1 904
1 45
2 604
1 632
2 892
2 561
2 80
1 279
2 513
1 143
2 632
2 608
2 278
2 589
1 163
2 273
1 427
2 960
2 809
2 654
2 360
2 413
2 722
2 25
2 309
1 690
2 845
2 929
1 51
2 109
1 248
2 216
2 158
1 423
2 866
2 902
2 326
2 397
2 460
1 625
1 409
2 866
2 817
1 961
2 709
2 750
2 917
2 76
2 365
2 794
1 447
2 551
2 159
2 308
2 207
2 98
2 816
2 792
1 484
2 862
2 71
1 600
1 437
2 293
2 588
2 937
1 199
2 601
2 282
2 766
2 476
1 975
2 524
2 513
1 301
2 28
2 692
2 752
1 927
1 260
1 977
2 108
2 510
2 749
1 10
1 588
2 695
1 889
2 319
2 932
2 546
1 662
2 249
2 593
2 291
1 746
1 798
1 338
2 457
2 854
1 973
1 576
1 771
2 229
2 168
2 539
2 322
2 265
2 936
2 220
1 556
1 951
1 621
1 562
2 472
2 176
1 688
2 822
2 464
2 991
2 526
2 423
2 452
2 282
2 76
2 217
2 622
2 487
2 996
2 854
2 86
2 338
2 591
2 284
2 427
2 133
2 853
2 66
1 351
1 803
2 155
2 960
1 539
1 984
2 986
1 334
2 462
2 682
2 540
1 436
1 205
2 932
2 329
2 604
1 608
2 21
1 200
2 191
2 56
2 145
2 93
1 514
2 781
1 265
2 782
