1000 2000
2 1
3 2
4 2
5 1
6 3
7 6
8 3
9 8
10 9
11 5
12 5
13 2
14 2
15 1
16 13
17 2
18 17
19 7
20 7
21 7
22 12
23 18
24 14
25 14
26 21
27 12
28 5
29 4
30 25
31 5
32 23
33 25
34 2
35 32
36 20
37 10
38 2
39 21
40 20
41 33
42 25
43 34
44 28
45 29
46 42
47 2
48 14
49 8
50 42
51 43
52 24
53 43
54 36
55 36
56 45
57 33
58 42
59 16
60 47
61 40
62 39
63 7
64 51
65 62
66 60
67 38
68 61
69 5
70 23
71 61
72 70
73 41
74 5
75 17
76 47
77 4
78 39
79 77
80 19
81 40
82 44
83 19
84 6
85 49
86 48
87 17
88 75
89 24
90 13
91 84
92 30
93 28
94 59
95 50
96 35
97 29
98 41
99 41
100 34
101 60
102 49
103 78
104 39
105 1
106 16
107 23
108 22
109 87
110 9
111 30
112 52
113 13
114 96
115 38
116 11
117 79
118 78
119 77
120 51
121 102
122 106
123 115
124 45
125 84
126 87
127 109
128 51
129 34
130 70
131 58
132 102
133 42
134 129
135 104
136 19
137 102
138 73
139 56
140 19
141 94
142 5
143 2
144 107
145 131
146 143
147 62
148 88
149 135
150 11
151 7
152 10
153 13
154 49
155 77
156 60
157 35
158 1
159 116
160 134
161 110
162 76
163 103
164 163
165 138
166 146
167 141
168 84
169 46
170 106
171 38
172 54
173 117
174 53
175 20
176 23
177 36
178 97
179 159
180 15
181 116
182 81
183 36
184 59
185 126
186 147
187 35
188 72
189 120
190 171
191 42
192 37
193 138
194 180
195 191
196 116
197 97
198 24
199 132
200 100
201 200
202 54
203 82
204 153
205 166
206 134
207 22
208 13
209 3
210 88
211 203
212 188
213 129
214 87
215 80
216 160
217 99
218 25
219 23
220 190
221 7
222 112
223 168
224 212
225 121
226 121
227 204
228 175
229 140
230 223
231 108
232 169
233 139
234 135
235 151
236 87
237 80
238 11
239 151
240 104
241 82
242 100
243 220
244 201
245 55
246 47
247 60
248 184
249 184
250 10
251 195
252 223
253 130
254 169
255 174
256 108
257 86
258 69
259 60
260 48
261 168
262 153
263 138
264 108
265 236
266 197
267 130
268 243
269 30
270 80
271 214
272 177
273 101
274 116
275 69
276 12
277 150
278 171
279 30
280 102
281 15
282 4
283 175
284 134
285 11
286 27
287 173
288 181
289 75
290 153
291 280
292 146
293 151
294 275
295 228
296 260
297 131
298 213
299 281
300 173
301 7
302 76
303 273
304 3
305 31
306 37
307 8
308 99
309 258
310 61
311 159
312 178
313 2
314 168
315 31
316 123
317 43
318 254
319 121
320 234
321 297
322 221
323 128
324 163
325 206
326 15
327 322
328 140
329 105
330 165
331 229
332 149
333 290
334 2
335 78
336 219
337 37
338 87
339 172
340 16
341 320
342 172
343 298
344 316
345 75
346 11
347 327
348 5
349 140
350 206
351 300
352 191
353 38
354 6
355 147
356 37
357 194
358 299
359 215
360 163
361 322
362 45
363 117
364 57
365 49
366 224
367 174
368 121
369 34
370 10
371 313
372 236
373 197
374 13
375 86
376 42
377 50
378 60
379 224
380 55
381 286
382 291
383 148
384 36
385 300
386 58
387 261
388 173
389 20
390 55
391 281
392 293
393 226
394 192
395 362
396 348
397 38
398 16
399 70
400 342
401 266
402 62
403 344
404 374
405 85
406 133
407 386
408 208
409 363
410 10
411 41
412 300
413 390
414 89
415 100
416 381
417 261
418 276
419 291
420 119
421 139
422 110
423 27
424 73
425 288
426 341
427 52
428 188
429 14
430 119
431 322
432 411
433 48
434 348
435 353
436 256
437 432
438 351
439 177
440 53
441 285
442 297
443 412
444 144
445 408
446 306
447 140
448 430
449 13
450 351
451 130
452 256
453 85
454 338
455 162
456 214
457 130
458 128
459 387
460 19
461 242
462 313
463 60
464 67
465 179
466 214
467 311
468 312
469 414
470 419
471 217
472 288
473 434
474 103
475 378
476 226
477 37
478 319
479 389
480 94
481 44
482 353
483 442
484 369
485 348
486 254
487 114
488 419
489 83
490 110
491 226
492 265
493 320
494 441
495 101
496 349
497 475
498 402
499 75
500 111
501 431
502 287
503 132
504 163
505 23
506 333
507 306
508 265
509 222
510 319
511 156
512 316
513 164
514 378
515 349
516 412
517 244
518 32
519 258
520 493
521 28
522 212
523 366
524 89
525 270
526 485
527 419
528 414
529 287
530 223
531 138
532 319
533 68
534 121
535 274
536 222
537 512
538 216
539 98
540 407
541 324
542 234
543 313
544 410
545 151
546 431
547 436
548 211
549 382
550 242
551 282
552 287
553 345
554 2
555 359
556 109
557 534
558 472
559 114
560 426
561 308
562 44
563 474
564 358
565 68
566 12
567 561
568 303
569 432
570 92
571 142
572 488
573 558
574 353
575 132
576 37
577 498
578 371
579 143
580 517
581 475
582 427
583 191
584 68
585 582
586 390
587 478
588 359
589 150
590 372
591 450
592 470
593 340
594 181
595 139
596 212
597 70
598 121
599 266
600 274
601 101
602 247
603 507
604 51
605 195
606 147
607 97
608 73
609 439
610 338
611 149
612 115
613 420
614 200
615 246
616 503
617 240
618 353
619 65
620 322
621 1
622 587
623 589
624 273
625 6
626 553
627 465
628 363
629 429
630 255
631 267
632 219
633 342
634 572
635 274
636 359
637 436
638 161
639 461
640 332
641 181
642 161
643 546
644 155
645 335
646 84
647 546
648 446
649 604
650 507
651 324
652 211
653 497
654 268
655 358
656 520
657 277
658 11
659 258
660 220
661 386
662 204
663 253
664 361
665 528
666 596
667 139
668 28
669 182
670 564
671 361
672 374
673 202
674 396
675 478
676 646
677 361
678 87
679 59
680 188
681 515
682 157
683 150
684 321
685 646
686 398
687 301
688 501
689 509
690 37
691 543
692 295
693 422
694 641
695 167
696 322
697 100
698 570
699 509
700 79
701 174
702 204
703 195
704 517
705 454
706 439
707 696
708 314
709 373
710 475
711 242
712 549
713 25
714 640
715 583
716 315
717 484
718 461
719 534
720 275
721 93
722 669
723 436
724 348
725 96
726 298
727 75
728 683
729 539
730 2
731 586
732 243
733 401
734 615
735 104
736 332
737 552
738 257
739 79
740 435
741 433
742 300
743 545
744 245
745 531
746 199
747 531
748 234
749 29
750 693
751 677
752 721
753 363
754 75
755 105
756 556
757 377
758 498
759 377
760 479
761 540
762 25
763 184
764 209
765 204
766 571
767 60
768 381
769 88
770 19
771 323
772 406
773 415
774 656
775 697
776 681
777 548
778 699
779 771
780 411
781 463
782 365
783 735
784 192
785 671
786 680
787 22
788 630
789 628
790 682
791 177
792 179
793 752
794 78
795 96
796 556
797 164
798 728
799 243
800 733
801 3
802 424
803 11
804 516
805 514
806 91
807 46
808 223
809 82
810 436
811 352
812 715
813 617
814 394
815 287
816 484
817 724
818 46
819 146
820 791
821 185
822 405
823 37
824 132
825 665
826 280
827 634
828 425
829 769
830 115
831 712
832 164
833 6
834 763
835 530
836 729
837 179
838 103
839 48
840 235
841 824
842 535
843 250
844 219
845 370
846 2
847 401
848 594
849 825
850 164
851 422
852 277
853 619
854 243
855 232
856 131
857 480
858 117
859 439
860 125
861 79
862 834
863 743
864 628
865 133
866 814
867 376
868 496
869 790
870 288
871 525
872 143
873 336
874 422
875 692
876 432
877 58
878 682
879 668
880 465
881 761
882 172
883 686
884 719
885 254
886 131
887 302
888 470
889 744
890 38
891 202
892 329
893 480
894 600
895 500
896 125
897 728
898 471
899 15
900 485
901 900
902 820
903 127
904 422
905 322
906 71
907 608
908 133
909 18
910 251
911 451
912 728
913 13
914 233
915 233
916 558
917 843
918 72
919 284
920 186
921 868
922 571
923 358
924 91
925 525
926 662
927 686
928 417
929 774
930 260
931 43
932 814
933 334
934 629
935 60
936 61
937 911
938 628
939 253
940 187
941 393
942 866
943 392
944 145
945 328
946 583
947 122
948 230
949 228
950 895
951 587
952 309
953 757
954 562
955 805
956 124
957 230
958 459
959 183
960 584
961 444
962 741
963 462
964 537
965 352
966 679
967 338
968 831
969 709
970 290
971 950
972 331
973 13
974 29
975 108
976 541
977 235
978 950
979 865
980 721
981 858
982 974
983 400
984 447
985 395
986 737
987 438
988 160
989 38
990 418
991 857
992 638
993 700
994 448
995 320
996 30
997 24
998 316
999 182
1000 676
2 748
2 719
2 51
2 977
2 707
2 581
2 46
2 919
2 470
2 912
2 419
1 439
2 481
2 974
2 803
2 42
2 931
2 112
2 23
2 212
2 501
2 78
2 782
2 18
2 219
2 599
2 411
2 461
2 670
2 360
2 241
2 919
2 346
2 479
2 820
2 633
2 621
2 639
2 811
2 526
2 76
2 666
2 165
2 829
2 157
2 957
2 711
2 264
2 208
2 879
2 231
2 412
2 461
2 125
2 736
2 108
2 855
2 532
2 617
2 829
2 337
2 966
2 612
2 125
2 288
2 497
2 685
2 203
2 427
2 108
2 181
2 759
2 610
2 453
2 8
2 67
2 764
2 94
2 772
2 725
2 514
2 359
2 901
2 177
2 856
2 764
2 668
2 943
2 997
2 790
2 229
2 685
2 401
2 123
2 849
2 335
2 965
2 812
2 801
2 827
2 409
2 83
2 996
2 965
2 468
2 829
2 478
2 927
2 401
2 879
2 13
2 342
2 617
2 855
2 89
2 75
2 788
2 567
2 132
2 478
2 205
2 752
2 816
2 441
2 968
2 636
2 260
2 66
2 698
2 591
2 344
2 739
2 39
2 853
2 191
2 34
2 892
2 618
2 125
2 628
2 890
2 586
2 752
2 896
2 917
2 143
2 755
2 859
2 984
2 864
2 683
2 275
2 312
1 812
2 682
2 59
2 736
2 208
2 165
2 601
2 984
2 423
2 870
2 62
2 509
2 682
2 376
2 130
2 16
2 387
2 743
2 991
2 464
2 295
2 347
2 92
2 451
2 628
2 624
2 13
2 634
2 666
2 503
2 945
2 259
2 852
2 175
2 262
2 205
2 886
2 794
2 451
2 379
2 13
2 702
2 965
2 779
2 234
2 265
2 423
2 408
2 233
2 792
2 787
2 707
2 5
2 918
2 338
2 29
2 638
2 738
2 671
2 391
2 862
2 357
2 539
2 922
2 728
2 95
2 778
2 902
2 826
2 477
2 826
2 76
2 255
2 867
2 42
2 399
2 861
2 446
2 85
2 460
2 733
2 317
2 907
2 941
2 168
2 94
2 300
1 918
2 460
2 981
2 141
2 211
2 278
2 867
2 890
1 753
2 146
2 692
2 715
2 853
2 586
2 558
2 398
2 817
2 853
2 452
2 376
2 51
2 793
2 674
2 440
2 505
2 897
2 878
2 180
2 850
2 510
2 107
2 312
2 687
2 894
2 109
2 610
2 679
2 277
2 757
2 104
2 240
2 1
2 503
2 264
2 79
2 881
2 199
2 568
2 272
2 598
2 655
2 726
2 296
2 48
2 858
2 970
2 887
2 83
2 786
2 487
2 633
2 612
2 536
2 676
2 617
2 577
2 143
2 865
2 754
2 965
2 792
2 583
2 918
2 655
2 311
2 176
2 605
2 737
2 825
2 286
2 903
2 578
2 724
2 809
2 932
2 290
2 393
2 900
2 835
2 400
2 468
2 718
2 62
2 368
2 207
2 519
2 773
2 130
2 987
2 468
2 774
2 353
2 489
2 965
2 691
2 26
2 232
2 260
2 959
2 770
2 679
2 70
2 804
2 182
2 149
2 869
2 6
2 64
2 920
2 252
2 775
2 658
2 113
2 795
2 208
2 696
2 381
2 545
2 947
2 260
2 302
2 293
2 371
2 577
2 801
2 894
2 62
2 651
2 593
2 601
2 794
2 938
2 749
2 172
2 955
2 866
2 300
2 123
2 806
2 977
2 128
2 652
2 10
2 36
2 786
2 816
2 350
2 448
2 780
2 858
2 277
2 785
2 201
2 448
2 719
2 686
2 503
2 670
2 51
2 289
2 217
2 82
2 208
2 861
2 897
2 534
2 485
2 464
2 960
2 941
2 217
2 95
2 55
2 358
2 418
2 248
2 921
2 838
2 745
2 484
2 887
2 946
2 888
2 262
2 865
2 351
2 124
2 744
2 809
2 987
2 481
2 252
2 66
2 414
2 578
2 497
2 163
2 372
2 918
2 460
2 513
2 472
2 385
2 61
2 230
2 500
2 585
2 479
2 364
2 804
2 695
2 946
2 28
2 745
2 62
2 291
2 918
2 776
2 663
2 400
2 50
2 261
2 481
2 423
2 459
2 31
2 634
2 451
2 17
2 940
2 198
2 170
2 756
2 349
2 612
2 6
2 432
2 25
2 210
2 195
2 971
2 303
2 840
2 421
2 863
2 663
2 8
2 112
2 32
2 91
2 221
2 786
2 734
2 245
2 391
2 860
2 73
2 565
2 116
2 995
2 442
2 916
2 153
2 991
2 60
2 59
2 824
2 777
2 248
2 247
2 473
2 944
2 626
2 833
2 868
2 135
2 579
1 555
2 778
2 357
2 649
2 564
2 880
2 576
2 111
2 880
2 723
2 308
2 756
2 394
2 862
2 496
2 606
2 74
2 834
1 104
2 690
2 16
2 648
2 506
2 955
2 164
2 384
2 858
2 515
2 815
2 508
2 683
2 882
2 55
2 881
2 179
2 756
2 566
2 333
2 959
2 842
2 286
2 203
2 359
2 333
2 160
2 938
2 888
2 875
2 456
2 790
2 361
2 861
2 907
2 539
2 477
2 533
2 239
2 92
2 387
2 785
2 682
2 841
2 452
2 125
2 523
2 40
2 431
2 202
2 845
2 129
2 475
2 386
2 846
2 562
2 475
2 597
2 233
2 522
2 351
2 109
2 792
2 361
2 279
2 1
2 39
2 252
2 330
2 700
2 369
2 797
2 588
2 351
2 158
2 2
2 384
2 407
2 364
2 803
2 96
2 115
2 234
2 514
2 726
2 904
2 268
2 128
2 510
2 300
2 985
2 40
2 191
2 754
2 387
2 563
2 816
2 667
2 604
2 682
2 65
2 98
2 608
2 368
2 996
2 821
2 927
2 181
2 625
2 28
2 736
2 43
2 675
2 213
2 592
2 276
2 23
2 686
2 449
2 725
2 57
2 531
2 55
2 144
2 785
2 229
2 94
2 142
2 142
2 844
2 590
2 793
2 258
2 627
2 899
2 534
2 871
2 219
2 967
2 80
2 762
2 202
2 117
2 560
2 318
2 223
2 440
2 989
2 633
2 279
2 986
2 280
2 720
2 264
2 775
2 644
2 573
2 459
2 243
2 610
2 875
2 32
2 733
2 880
2 617
2 259
2 352
2 749
2 367
2 9
2 106
2 286
2 394
2 365
2 807
2 222
2 411
2 815
2 794
2 206
2 365
2 157
2 91
2 555
2 320
2 514
2 588
2 607
2 941
2 235
2 899
2 52
2 31
2 109
2 644
2 531
2 163
2 148
1 750
2 914
2 871
2 235
2 121
2 535
2 523
2 466
2 508
2 604
2 950
2 909
2 703
2 903
2 650
2 736
2 615
2 375
2 431
2 571
2 245
2 78
2 697
2 488
2 239
2 440
2 33
2 477
2 636
2 649
2 212
2 371
2 484
2 957
2 371
2 456
2 997
2 90
2 4
2 208
2 86
2 893
2 501
2 795
2 917
2 956
2 313
2 246
2 597
1 82
2 572
2 521
2 82
2 863
2 282
2 377
2 476
2 817
2 595
2 564
2 363
2 280
2 479
2 256
2 340
2 441
2 844
2 931
2 830
2 526
2 712
2 336
2 460
2 941
2 355
2 173
2 473
2 653
2 127
2 123
2 304
2 908
2 675
2 222
2 604
2 661
2 524
2 760
2 25
2 192
1 938
2 941
2 171
2 399
2 837
1 428
2 580
2 1000
2 591
2 611
2 328
2 238
2 509
2 900
2 10
2 570
2 429
2 622
2 840
2 450
2 218
2 377
2 151
2 85
2 376
2 626
2 263
2 916
2 689
2 687
2 692
2 2
2 814
2 918
2 20
2 599
2 677
2 197
2 839
2 626
2 226
2 968
1 287
2 698
2 696
2 442
2 581
2 504
2 15
2 116
2 613
2 281
2 23
2 890
2 916
2 578
2 462
2 141
2 931
2 693
2 379
2 256
2 375
2 927
2 217
2 225
2 419
2 378
2 444
2 604
2 894
2 939
2 941
2 6
2 857
2 582
2 402
2 642
2 570
2 205
2 85
2 193
2 228
2 591
2 283
2 527
2 452
2 540
2 186
2 856
2 736
2 78
2 891
2 346
2 971
2 766
2 548
2 826
2 901
2 217
2 520
2 493
2 797
2 958
2 503
2 561
2 424
2 499
2 534
2 759
2 985
2 826
2 952
2 147
2 167
2 397
2 424
2 960
2 764
2 952
2 343
2 591
2 883
2 332
2 174
2 263
2 266
2 900
2 782
2 550
2 547
2 162
2 332
2 209
2 418
2 570
2 169
2 819
2 476
2 212
2 623
2 33
2 458
2 65
2 703
2 537
2 615
2 84
2 226
2 418
2 835
2 525
2 427
2 336
2 232
2 48
2 239
2 287
2 788
2 801
2 377
2 26
2 472
2 899
2 730
2 77
2 679
2 591
1 591
2 134
2 284
2 985
2 405
2 171
2 121
2 902
2 811
2 620
2 540
2 778
2 319
2 640
2 737
2 576
2 169
2 986
2 812
2 491
2 620
2 761
2 459
2 740
2 773
2 460
2 188
2 598
2 555
2 501
2 59
2 778
2 539
2 431
2 815
2 197
2 272
2 640
2 391
2 304
2 255
2 486
2 776
2 806
2 791
2 886
2 51
2 983
2 427
2 193
2 971
2 826
2 930
2 524
2 748
2 520
2 540
2 952
2 739
2 567
2 393
2 165
2 116
2 300
2 693
2 192
2 132
2 78
2 847
2 242
2 201
2 391
2 630
2 587
2 924
2 682
2 562
2 712
2 664
2 768
2 573
2 808
2 901
2 697
2 358
2 280
2 638
2 632
2 24
2 748
2 222
2 55
2 154
2 657
2 524
2 847
2 107
2 830
2 651
2 215
2 737
2 742
2 109
2 267
2 639
2 381
2 766
2 537
2 857
2 112
2 734
2 465
2 520
2 285
2 270
2 190
2 374
2 239
2 190
2 962
2 448
2 679
2 375
2 570
2 500
2 613
2 723
2 664
2 763
2 147
2 95
2 339
2 482
2 225
2 774
2 720
1 113
2 763
2 531
2 130
2 387
2 109
2 543
2 282
2 685
2 928
2 42
2 334
2 469
2 725
2 182
2 211
2 150
2 189
2 275
2 993
2 42
2 269
2 422
2 935
2 273
2 348
2 510
2 67
2 91
2 186
2 262
2 519
2 536
2 764
2 451
2 705
2 708
2 963
2 331
2 360
2 696
2 374
2 829
2 90
2 695
2 156
2 551
2 507
2 678
2 562
2 543
2 512
2 779
2 269
2 161
2 13
2 132
2 646
2 722
2 630
2 69
2 773
2 517
2 241
2 587
2 416
2 698
2 496
2 36
2 645
2 712
2 648
2 915
2 334
2 229
2 511
2 807
2 687
2 425
2 168
2 170
2 437
2 898
2 426
2 935
2 469
2 37
2 262
2 12
2 199
2 461
2 475
2 991
2 140
2 587
2 113
2 353
2 658
2 570
2 331
2 672
2 685
2 216
2 395
2 405
2 882
2 651
2 700
2 175
2 988
2 310
2 508
2 110
2 248
2 168
2 781
2 927
2 678
2 794
2 165
2 440
2 104
2 925
2 687
2 102
2 738
2 304
2 921
2 64
2 312
2 853
2 104
2 274
2 175
2 893
2 480
2 857
2 327
2 670
2 101
2 431
2 258
2 272
2 120
2 389
2 173
2 684
2 518
2 459
2 875
2 186
2 700
2 186
2 629
2 40
2 35
2 415
2 994
2 148
2 754
2 574
2 281
2 769
2 296
2 169
2 195
2 189
2 759
2 529
2 654
2 895
2 169
2 423
2 681
2 350
2 662
2 360
2 179
2 535
2 16
2 386
2 686
2 265
2 727
2 494
2 288
2 432
2 66
2 482
2 410
2 462
2 103
2 28
2 132
2 311
2 109
2 768
2 864
2 583
2 628
2 961
2 552
2 869
2 728
2 555
2 512
2 30
2 298
2 238
2 293
2 667
2 517
2 405
2 654
2 180
2 237
2 482
2 706
2 110
2 847
2 758
2 643
2 443
2 815
2 381
2 199
2 198
2 913
2 594
2 242
2 233
2 480
2 560
2 897
2 256
2 661
2 727
2 883
2 876
2 572
2 327
2 290
2 689
2 798
2 412
2 725
2 95
2 122
2 417
2 725
2 915
2 673
1 986
2 184
2 101
2 243
2 323
2 79
2 406
2 168
2 582
2 378
2 640
2 777
2 85
2 383
2 978
2 3
2 459
2 469
2 824
2 291
2 777
2 3
2 491
2 320
2 809
2 403
2 70
2 709
2 14
2 335
2 499
2 742
2 314
2 105
2 826
2 10
2 874
2 107
2 126
2 167
2 149
2 795
2 811
2 170
2 113
2 573
2 700
2 560
2 28
2 767
2 715
2 718
2 208
2 71
2 998
2 478
1 188
2 870
2 471
2 254
2 198
2 428
2 224
2 897
2 227
2 403
2 141
2 119
2 238
2 3
2 599
2 223
2 432
2 809
2 416
2 766
2 713
2 862
2 397
2 743
2 564
2 521
2 270
2 509
2 55
2 116
2 478
2 299
2 904
2 954
2 879
2 42
2 820
2 461
2 47
2 118
2 795
2 484
2 590
2 21
2 38
2 429
2 505
2 159
2 372
2 4
2 134
2 25
2 881
2 62
2 561
2 586
2 5
2 613
2 848
2 578
2 186
2 551
2 698
2 685
2 613
2 383
2 122
2 72
2 612
2 363
2 3
2 150
2 698
2 759
2 583
2 606
2 274
2 489
2 938
2 385
2 610
2 366
2 450
2 783
2 393
2 438
2 288
2 823
2 304
2 731
2 928
2 769
2 870
2 142
2 403
2 26
2 523
2 999
2 539
2 862
2 990
2 332
2 429
2 547
2 731
2 510
2 185
2 503
2 722
2 754
2 419
2 609
2 994
2 339
2 111
2 142
2 808
2 639
2 367
2 53
2 98
2 580
2 571
2 559
2 682
2 854
2 542
2 470
2 889
2 790
2 509
2 79
2 293
2 859
2 619
2 53
2 750
2 469
2 14
2 655
2 186
2 89
2 264
2 231
2 730
2 849
2 534
2 340
2 755
2 763
2 280
2 37
2 856
2 87
2 443
2 431
2 380
2 373
2 809
2 56
2 843
2 874
2 758
2 636
2 707
2 672
2 698
2 566
2 331
2 975
2 589
2 281
2 631
2 732
2 915
2 812
1 381
2 475
2 837
2 420
2 204
2 256
2 914
2 663
2 162
2 464
2 615
2 506
2 786
2 7
2 282
2 575
2 539
2 105
2 176
2 753
2 535
2 640
2 817
2 584
2 314
2 524
2 131
2 273
2 656
2 42
2 1
2 888
2 965
2 906
2 216
2 755
2 457
2 71
2 795
2 809
2 722
2 997
2 993
2 180
2 796
2 660
2 727
2 991
2 837
2 392
2 938
2 876
2 707
2 937
2 463
1 565
2 930
1 594
2 569
2 724
2 384
2 868
2 486
2 283
2 550
2 906
1 209
2 214
2 805
2 221
2 356
2 47
2 307
2 80
2 285
2 576
2 263
2 626
2 654
2 578
2 448
2 263
2 148
2 461
2 616
2 115
2 216
2 180
2 231
2 117
2 421
2 321
2 609
2 904
2 599
2 182
2 112
2 655
2 820
2 323
2 511
2 787
2 17
2 697
2 509
2 727
2 873
2 495
2 856
2 13
2 631
2 987
2 294
2 724
2 225
2 974
2 445
2 677
2 508
2 81
2 797
2 243
2 280
2 31
2 556
2 538
2 185
2 724
2 47
2 785
2 994
2 161
2 315
2 293
2 546
2 101
2 502
2 898
2 447
2 676
2 830
2 667
2 311
2 327
2 663
2 168
2 44
2 25
2 365
2 759
2 729
2 447
2 286
2 51
2 15
2 13
2 570
2 901
2 856
2 177
2 342
2 239
1 416
2 974
2 345
2 400
2 368
2 845
2 737
1 119
2 519
2 866
1 521
2 804
2 237
2 84
2 661
2 220
2 550
2 162
2 791
2 982
2 108
2 842
2 490
2 52
2 522
2 482
2 892
2 341
2 758
2 133
2 389
2 540
2 182
2 198
2 246
2 743
2 944
2 128
2 548
2 148
2 55
2 40
2 429
2 426
2 665
2 390
2 230
2 97
2 572
2 218
2 378
2 18
2 250
2 652
2 124
2 662
2 861
2 870
2 158
2 468
2 895
2 730
2 867
2 387
2 500
2 896
2 430
2 671
2 425
2 709
2 614
2 442
2 550
2 599
2 880
2 677
2 714
2 970
2 68
2 188
2 319
2 947
2 229
2 566
2 118
2 271
2 277
2 709
2 109
2 757
2 304
2 734
2 367
2 427
2 126
2 107
2 542
2 638
2 93
2 140
2 33
2 163
2 223
2 691
2 66
2 688
2 406
2 143
2 983
2 505
2 295
2 56
1 283
2 932
2 864
2 838
2 232
2 877
2 248
2 959
2 776
2 556
2 408
2 258
2 412
2 513
2 338
2 22
2 146
2 152
2 921
2 429
2 668
2 539
2 200
2 177
2 852
2 278
2 756
2 596
2 230
2 613
2 379
2 411
2 744
2 343
2 855
2 879
2 495
2 591
2 968
2 360
2 405
2 271
2 192
2 212
2 497
2 257
2 417
2 927
2 796
2 892
1 960
2 773
2 313
2 215
2 173
2 809
2 621
2 642
2 926
2 892
2 681
2 962
2 229
2 20
2 922
2 265
2 974
2 225
2 279
2 910
2 813
2 98
2 576
2 158
2 72
2 613
2 79
2 472
2 615
2 940
2 922
2 608
2 503
2 651
2 925
2 991
2 34
2 970
2 804
2 76
2 801
2 663
2 906
2 458
2 504
2 838
2 484
2 527
2 245
2 331
2 288
2 46
2 584
2 843
2 771
