1000 2000
2 1
3 1
4 1
5 3
6 2
7 3
8 4
9 7
10 3
11 4
12 2
13 1
14 9
15 13
16 9
17 11
18 4
19 4
20 7
21 5
22 15
23 9
24 19
25 12
26 10
27 9
28 14
29 15
30 12
31 27
32 29
33 21
34 30
35 13
36 34
37 31
38 11
39 27
40 9
41 24
42 40
43 22
44 29
45 4
46 12
47 28
48 1
49 20
50 22
51 28
52 50
53 7
54 12
55 43
56 23
57 29
58 23
59 49
60 33
61 13
62 38
63 59
64 48
65 38
66 59
67 5
68 31
69 22
70 68
71 69
72 45
73 45
74 1
75 32
76 47
77 70
78 25
79 29
80 50
81 60
82 39
83 12
84 75
85 59
86 37
87 43
88 27
89 38
90 4
91 21
92 3
93 91
94 82
95 12
96 54
97 20
98 43
99 37
100 75
101 14
102 72
103 96
104 90
105 95
106 93
107 47
108 43
109 54
110 66
111 7
112 103
113 95
114 5
115 89
116 10
117 46
118 79
119 57
120 83
121 80
122 36
123 57
124 65
125 34
126 1
127 38
128 36
129 67
130 78
131 130
132 50
133 65
134 66
135 8
136 127
137 128
138 8
139 43
140 71
141 6
142 83
143 11
144 95
145 25
146 109
147 93
148 22
149 55
150 138
151 138
152 63
153 121
154 75
155 50
156 103
157 154
158 84
159 106
160 68
161 3
162 109
163 76
164 110
165 150
166 37
167 50
168 72
169 156
170 4
171 105
172 79
173 101
174 155
175 64
176 113
177 169
178 159
179 77
180 2
181 115
182 141
183 116
184 144
185 119
186 73
187 57
188 69
189 163
190 174
191 113
192 104
193 75
194 88
195 63
196 66
197 23
198 128
199 121
200 157
201 157
202 183
203 86
204 13
205 187
206 158
207 26
208 158
209 102
210 122
211 135
212 50
213 121
214 147
215 191
216 81
217 148
218 65
219 180
220 81
221 146
222 86
223 77
224 159
225 62
226 193
227 80
228 76
229 94
230 32
231 191
232 136
233 165
234 114
235 194
236 134
237 219
238 43
239 194
240 104
241 231
242 193
243 230
244 81
245 79
246 113
247 97
248 44
249 143
250 215
251 173
252 138
253 118
254 82
255 201
256 51
257 162
258 129
259 154
260 7
261 38
262 140
263 45
264 176
265 83
266 26
267 257
268 81
269 21
270 205
271 260
272 119
273 130
274 168
275 120
276 248
277 234
278 62
279 232
280 132
281 38
282 72
283 229
284 21
285 146
286 285
287 93
288 151
289 32
290 260
291 172
292 150
293 228
294 233
295 261
296 70
297 288
298 137
299 37
300 126
301 120
302 11
303 15
304 250
305 194
306 13
307 272
308 68
309 212
310 199
311 121
312 27
313 238
314 127
315 313
316 295
317 1
318 183
319 264
320 166
321 105
322 41
323 241
324 105
325 77
326 228
327 66
328 59
329 266
330 165
331 254
332 162
333 270
334 64
335 253
336 155
337 33
338 1
339 299
340 27
341 129
342 163
343 76
344 299
345 196
346 7
347 120
348 275
349 248
350 102
351 244
352 326
353 300
354 328
355 352
356 81
357 285
358 28
359 51
360 161
361 275
362 78
363 206
364 17
365 205
366 224
367 124
368 123
369 60
370 186
371 65
372 138
373 22
374 323
375 302
376 282
377 280
378 284
379 324
380 94
381 268
382 39
383 65
384 47
385 283
386 208
387 216
388 314
389 43
390 346
391 353
392 128
393 354
394 179
395 248
396 17
397 167
398 39
399 95
400 228
401 40
402 326
403 325
404 208
405 391
406 263
407 6
408 303
409 196
410 340
411 44
412 205
413 173
414 117
415 241
416 56
417 179
418 294
419 8
420 322
421 415
422 137
423 391
424 171
425 328
426 293
427 171
428 384
429 296
430 270
431 306
432 386
433 147
434 383
435 18
436 321
437 272
438 257
439 416
440 108
441 330
442 33
443 101
444 140
445 247
446 383
447 175
448 288
449 245
450 198
451 326
452 337
453 220
454 304
455 415
456 363
457 316
458 424
459 162
460 198
461 282
462 401
463 211
464 2
465 368
466 330
467 4
468 180
469 275
470 273
471 12
472 232
473 463
474 281
475 241
476 290
477 133
478 134
479 53
480 134
481 165
482 62
483 306
484 277
485 471
486 29
487 46
488 468
489 103
490 153
491 136
492 89
493 377
494 210
495 40
496 345
497 444
498 32
499 110
500 100
501 360
502 341
503 382
504 433
505 451
506 183
507 106
508 90
509 368
510 209
511 181
512 93
513 199
514 499
515 262
516 197
517 68
518 285
519 186
520 109
521 490
522 474
523 95
524 269
525 166
526 310
527 425
528 468
529 132
530 88
531 88
532 85
533 102
534 39
535 527
536 500
537 222
538 210
539 214
540 160
541 409
542 139
543 35
544 471
545 93
546 535
547 394
548 365
549 176
550 440
551 386
552 349
553 13
554 238
555 328
556 407
557 303
558 484
559 81
560 326
561 67
562 410
563 522
564 411
565 285
566 37
567 29
568 378
569 85
570 387
571 384
572 310
573 273
574 174
575 344
576 167
577 264
578 348
579 535
580 488
581 479
582 155
583 571
584 446
585 549
586 293
587 428
588 210
589 31
590 448
591 590
592 298
593 281
594 565
595 37
596 321
597 591
598 133
599 342
600 86
601 276
602 46
603 12
604 269
605 259
606 386
607 112
608 180
609 438
610 168
611 5
612 479
613 327
614 602
615 27
616 312
617 441
618 591
619 589
620 40
621 27
622 349
623 65
624 564
625 322
626 318
627 616
628 314
629 259
630 365
631 388
632 239
633 482
634 329
635 589
636 90
637 113
638 464
639 582
640 11
641 401
642 139
643 518
644 610
645 191
646 293
647 324
648 371
649 136
650 484
651 556
652 95
653 134
654 649
655 359
656 277
657 275
658 1
659 33
660 524
661 273
662 53
663 520
664 313
665 352
666 156
667 203
668 111
669 298
670 146
671 519
672 450
673 449
674 399
675 75
676 44
677 360
678 497
679 135
680 369
681 666
682 60
683 504
684 281
685 56
686 457
687 171
688 132
689 54
690 468
691 256
692 184
693 570
694 530
695 47
696 21
697 116
698 426
699 187
700 680
701 437
702 124
703 685
704 627
705 580
706 428
707 142
708 421
709 503
710 461
711 396
712 706
713 351
714 63
715 649
716 117
717 422
718 440
719 99
720 583
721 119
722 31
723 666
724 643
725 59
726 114
727 101
728 407
729 476
730 559
731 164
732 486
733 605
734 560
735 306
736 216
737 356
738 634
739 95
740 191
741 21
742 529
743 564
744 80
745 56
746 696
747 478
748 211
749 403
750 96
751 389
752 95
753 226
754 596
755 571
756 591
757 303
758 510
759 115
760 743
761 43
762 740
763 262
764 554
765 465
766 644
767 169
768 596
769 571
770 60
771 84
772 487
773 365
774 320
775 416
776 380
777 638
778 173
779 92
780 23
781 2
782 703
783 418
784 723
785 119
786 582
787 450
788 586
789 26
790 658
791 388
792 247
793 310
794 651
795 125
796 538
797 373
798 628
799 381
800 683
801 55
802 714
803 543
804 17
805 735
806 372
807 495
808 766
809 507
810 467
811 607
812 581
813 761
814 273
815 800
816 76
817 403
818 472
819 774
820 351
821 295
822 21
823 599
824 79
825 772
826 382
827 14
828 413
829 763
830 412
831 735
832 246
833 171
834 471
835 342
836 409
837 103
838 208
839 627
840 530
841 654
842 643
843 742
844 51
845 373
846 155
847 534
848 603
849 716
850 342
851 80
852 499
853 102
854 449
855 699
856 146
857 379
858 521
859 689
860 99
861 1
862 695
863 100
864 433
865 319
866 59
867 345
868 856
869 724
870 392
871 444
872 610
873 801
874 127
875 372
876 127
877 59
878 138
879 403
880 135
881 362
882 122
883 485
884 871
885 566
886 312
887 53
888 171
889 549
890 378
891 118
892 448
893 386
894 412
895 798
896 409
897 120
898 647
899 188
900 608
901 381
902 295
903 55
904 167
905 259
906 633
907 71
908 297
909 434
910 889
911 522
912 665
913 684
914 353
915 844
916 915
917 401
918 123
919 577
920 297
921 56
922 487
923 439
924 115
925 804
926 555
927 549
928 671
929 349
930 393
931 83
932 595
933 465
934 816
935 859
936 897
937 70
938 391
939 498
940 678
941 401
942 725
943 716
944 668
945 143
946 506
947 162
948 163
949 679
950 256
951 646
952 566
953 493
954 354
955 5
956 881
957 819
958 160
959 946
960 281
961 641
962 83
963 898
964 546
965 731
966 248
967 661
968 887
969 341
970 343
971 78
972 256
973 32
974 859
975 439
976 350
977 449
978 170
979 378
980 916
981 30
982 7
983 196
984 769
985 135
986 976
987 13
988 163
989 612
990 302
991 98
992 565
993 148
994 314
995 99
996 541
997 762
998 901
999 882
1000 280
2 272
2 92
2 636
2 820
2 33
2 264
2 641
2 902
2 404
2 121
2 649
2 164
2 902
2 884
2 74
2 754
2 340
2 3
2 526
2 792
2 228
2 517
2 30
2 204
2 261
2 106
2 844
2 573
2 794
2 219
2 283
2 717
2 264
2 714
2 737
2 94
2 742
2 30
2 778
2 90
2 47
2 534
2 481
2 769
2 232
2 929
2 820
2 408
2 957
2 265
2 252
2 290
2 620
2 195
2 884
2 607
2 948
2 895
2 496
2 318
2 899
2 965
2 865
2 734
2 388
2 583
2 936
2 668
2 296
2 533
2 970
2 281
2 768
2 843
2 530
2 22
2 949
2 679
2 797
2 775
2 706
2 505
2 55
2 977
2 629
2 751
2 249
2 67
2 180
2 373
2 26
2 379
2 73
2 635
2 314
2 680
2 594
2 267
2 395
2 706
2 605
2 186
2 598
2 441
2 871
2 10
2 876
2 704
2 447
2 730
2 145
2 523
2 764
2 913
2 715
2 306
2 719
2 776
1 381
2 771
2 760
1 94
2 269
2 859
2 717
2 855
2 899
2 534
2 836
2 93
2 378
2 760
2 74
2 764
2 963
2 352
2 872
2 484
2 123
2 87
2 400
2 623
2 862
2 452
2 475
2 897
2 120
2 964
2 779
2 256
2 550
2 115
2 890
2 955
2 451
2 663
2 15
2 647
2 532
2 387
2 672
2 417
2 384
2 585
2 881
2 105
2 740
2 123
2 353
2 834
2 674
2 333
2 770
2 6
2 884
2 444
2 989
2 609
2 223
2 895
2 565
2 95
2 397
2 948
2 166
2 173
2 638
2 548
2 39
2 159
2 922
2 45
2 496
2 841
2 744
2 208
2 197
2 805
2 291
2 279
2 846
2 242
2 274
2 685
2 565
2 186
2 151
2 473
2 628
2 511
2 302
2 9
2 686
2 831
2 693
2 809
2 11
2 122
2 881
2 597
2 158
2 354
2 350
2 858
2 42
2 640
2 32
2 64
2 601
2 867
2 798
2 826
2 220
2 170
2 696
2 575
2 226
2 3
2 77
2 955
2 390
2 567
2 762
2 256
2 964
2 742
2 710
2 774
2 46
2 105
2 673
2 116
2 711
1 987
2 856
2 609
2 940
2 746
2 367
2 635
2 370
2 922
2 20
2 555
2 508
2 191
2 429
2 297
2 671
2 754
2 772
2 395
2 192
2 295
2 535
2 616
2 795
2 720
2 175
2 744
2 116
2 918
2 690
2 112
2 837
2 679
2 712
2 488
2 605
2 429
2 568
2 790
2 200
2 876
2 307
2 148
2 635
2 525
2 292
2 629
2 715
2 273
2 117
2 511
2 283
2 326
2 494
2 732
2 15
2 479
2 124
2 854
2 260
2 405
2 48
2 150
2 2
2 361
2 811
2 576
2 840
2 176
2 678
2 746
2 345
2 115
2 743
2 522
2 470
2 838
2 493
2 295
2 749
2 270
2 277
2 209
2 104
2 802
2 701
2 384
2 725
2 962
2 467
2 489
2 530
2 267
2 249
2 489
2 501
2 290
2 583
2 771
2 690
2 148
2 643
2 4
2 393
2 462
2 796
2 881
2 719
2 776
2 932
2 485
2 280
2 371
2 429
2 317
2 304
2 983
2 993
2 643
2 810
2 722
2 683
2 147
2 137
2 886
2 15
2 680
2 805
2 718
2 145
2 641
2 124
2 463
2 655
2 372
2 518
2 947
2 311
2 176
2 908
2 484
2 497
2 954
2 268
2 797
2 561
2 691
2 471
2 384
2 145
2 988
2 728
2 456
2 493
2 1
2 30
2 808
2 47
2 772
2 714
2 680
2 545
2 348
2 973
2 911
2 475
2 176
2 235
2 15
2 873
2 364
2 486
2 527
2 794
2 616
2 70
2 378
2 457
2 719
2 785
2 6
2 599
2 30
2 836
2 241
2 334
2 233
2 868
2 301
2 743
2 613
2 863
2 198
2 518
2 834
2 611
2 13
2 254
2 685
2 612
2 897
2 926
2 801
2 184
2 372
2 965
2 484
2 334
2 962
2 700
2 697
2 413
2 94
2 984
2 85
2 666
2 52
2 15
2 10
2 943
2 463
2 603
2 142
2 488
2 519
2 153
2 459
2 887
2 576
2 186
2 956
2 893
2 928
2 781
2 562
2 776
2 620
2 6
2 117
2 110
2 554
2 696
2 940
2 902
2 598
2 572
2 69
2 772
2 266
2 918
2 222
2 697
2 113
2 494
2 149
2 843
2 615
2 978
2 142
2 857
2 735
2 388
2 18
2 736
2 99
2 809
2 799
2 216
2 966
2 793
2 605
2 735
2 469
2 93
2 637
2 417
2 979
2 64
2 161
2 901
2 487
2 194
2 313
2 77
2 634
2 921
2 571
2 642
2 293
2 709
2 916
2 47
2 218
2 937
2 805
2 71
2 233
2 366
2 320
2 52
2 171
2 283
2 154
2 828
2 521
2 222
2 848
2 761
2 387
2 842
2 638
1 516
2 624
2 706
2 856
2 443
2 57
2 298
2 789
2 602
2 656
2 662
2 510
2 715
2 127
2 827
2 372
2 288
2 724
2 439
2 77
2 770
2 991
2 302
2 852
2 104
2 205
2 8
2 191
2 661
2 292
2 42
2 13
2 305
2 241
2 389
2 360
2 127
2 338
2 771
2 67
2 221
2 219
2 79
2 847
2 843
2 559
2 511
2 1
2 258
2 887
2 671
2 329
2 86
2 945
2 537
2 805
2 948
2 501
2 983
2 882
2 672
2 207
2 188
2 251
2 680
2 123
2 160
2 59
2 942
2 776
2 309
2 586
2 150
2 453
2 261
2 210
2 911
2 51
2 216
2 863
2 926
2 750
2 666
2 531
2 427
2 439
2 737
2 389
2 161
2 883
2 367
2 426
2 736
2 53
2 267
2 308
2 661
2 604
2 859
2 297
2 62
2 638
2 884
2 82
2 516
2 445
2 367
2 646
2 355
2 743
2 66
2 416
2 457
2 865
2 201
2 573
2 468
2 516
2 251
2 527
2 12
2 640
2 609
2 382
2 980
2 581
2 386
2 669
2 858
2 140
2 423
2 817
2 420
2 555
2 180
2 143
2 643
2 15
2 940
2 230
2 73
2 83
2 464
2 695
2 935
2 458
2 58
2 889
2 199
2 708
2 525
2 327
2 88
2 597
2 222
2 600
2 620
2 598
2 162
2 473
2 638
2 5
2 720
2 343
2 359
2 37
2 649
2 750
2 426
2 153
2 126
2 191
2 995
2 447
2 658
2 705
2 134
2 345
2 856
2 408
2 626
2 646
2 463
2 760
2 673
2 63
2 905
2 255
2 310
2 880
2 393
2 650
2 565
2 828
2 239
2 473
2 524
2 458
2 248
2 392
2 277
2 924
2 875
2 506
2 187
2 956
2 760
2 437
2 572
2 537
2 24
2 292
2 435
2 383
2 793
2 371
2 913
2 528
2 464
2 854
2 24
2 924
2 518
2 441
2 133
2 235
2 307
2 329
2 52
2 233
2 735
2 80
2 208
2 170
2 856
2 704
2 228
2 790
2 493
2 46
2 545
2 453
2 641
2 453
2 949
2 655
2 169
2 703
2 442
2 799
2 303
2 786
2 249
2 20
2 125
2 188
2 72
2 866
2 542
2 363
2 612
2 786
2 821
2 561
2 692
2 263
2 212
2 293
2 688
2 270
2 117
2 497
2 710
2 122
2 492
2 880
2 387
2 844
2 239
2 226
2 441
2 673
2 655
2 937
2 455
2 533
2 748
2 116
2 174
2 915
2 476
2 26
2 420
2 118
2 781
2 548
2 191
2 386
2 797
2 690
2 48
2 32
2 450
2 549
2 570
2 135
2 792
2 679
2 789
2 252
2 983
2 562
2 272
2 475
2 103
2 11
2 90
2 245
2 685
2 389
2 29
1 275
2 25
2 54
2 766
2 890
2 905
2 9
2 655
2 287
2 70
2 104
2 67
2 551
2 307
2 167
2 146
2 840
2 23
2 496
2 73
2 146
2 466
2 207
2 637
2 379
2 785
2 658
2 978
2 358
2 447
2 669
1 141
2 366
2 571
1 578
2 276
2 865
2 590
2 5
2 788
2 16
2 954
2 514
2 909
2 886
2 886
2 376
2 186
2 352
2 135
2 835
2 569
2 249
2 820
2 461
2 11
2 154
2 422
2 78
2 644
2 198
2 595
2 10
2 145
2 326
2 88
2 984
2 233
2 899
2 687
2 959
2 911
2 879
2 578
2 965
2 181
2 455
2 782
2 484
2 995
2 734
2 207
2 812
2 888
1 118
2 47
2 700
2 10
2 45
2 379
2 423
2 359
2 848
2 64
2 581
2 348
2 795
2 805
2 82
2 428
2 284
2 593
2 980
2 487
2 99
2 840
2 501
2 547
2 550
2 771
1 908
2 399
2 856
2 162
2 287
2 544
2 594
2 548
2 3
2 771
2 901
2 253
2 134
2 769
2 731
2 794
2 919
2 45
2 538
2 790
2 502
2 553
2 567
2 11
2 905
2 211
2 26
2 634
2 561
2 128
2 999
2 392
2 266
2 102
2 535
2 165
2 146
2 728
2 67
2 714
2 70
2 395
2 125
2 985
2 237
2 365
2 212
2 544
2 923
2 483
2 743
2 355
2 283
2 99
2 970
2 379
2 874
2 620
2 679
2 458
2 328
2 474
2 767
2 913
2 496
2 531
2 733
2 960
2 658
2 851
2 405
2 180
2 705
2 246
2 886
2 79
2 476
2 437
2 863
2 969
2 954
2 55
2 991
2 668
2 253
2 378
2 889
2 917
2 122
2 144
2 45
2 394
2 346
2 673
2 162
2 797
2 581
2 112
2 897
2 850
2 755
2 480
2 611
2 198
2 760
2 694
2 799
2 938
2 889
2 896
2 430
2 789
2 970
2 267
2 766
2 244
2 286
2 428
2 443
2 701
2 105
2 842
2 137
2 26
2 404
1 353
2 493
2 119
2 168
2 890
2 897
2 732
2 527
2 562
2 184
2 306
2 68
2 332
2 796
2 544
2 953
2 587
2 975
2 267
2 277
2 300
2 424
2 492
2 193
2 212
2 117
2 3
2 19
2 284
2 759
2 120
2 553
2 99
2 63
2 232
2 222
2 601
2 581
2 18
2 15
2 651
2 777
2 666
2 408
2 526
2 640
2 59
2 639
2 943
2 793
2 469
2 909
2 403
2 953
2 186
2 348
2 358
2 413
2 315
2 549
2 250
2 106
2 985
2 709
2 602
2 498
2 366
2 379
2 140
2 580
2 220
2 812
2 308
2 198
2 220
2 675
2 574
2 502
2 475
2 486
2 550
2 832
2 357
2 939
2 67
2 931
2 433
2 692
2 840
2 7
2 509
2 192
2 68
2 795
2 5
2 583
2 475
2 974
2 939
2 241
2 367
2 383
2 787
2 313
2 444
2 635
2 609
2 972
2 831
2 413
2 974
2 129
2 384
2 739
2 512
2 124
2 137
2 164
2 698
2 335
2 184
2 920
2 669
2 61
2 878
2 968
2 451
2 986
2 979
2 325
2 923
2 977
2 712
2 636
2 358
2 747
2 907
2 563
2 977
2 193
2 699
2 92
2 52
2 209
2 156
2 278
2 505
2 782
2 753
2 406
2 363
2 709
2 626
2 356
2 1000
2 600
2 59
2 271
2 833
2 53
2 612
2 254
2 566
2 944
2 31
2 372
2 380
2 720
2 352
2 38
2 895
2 730
2 521
2 285
2 567
2 532
2 836
2 831
2 449
2 628
2 465
2 198
2 484
2 811
2 412
2 815
2 583
2 580
2 955
2 878
2 550
2 791
2 219
2 797
2 977
2 221
2 804
2 250
2 196
2 120
2 437
2 550
2 292
2 322
2 129
2 974
2 691
2 82
2 683
2 646
2 864
2 707
2 24
2 598
2 4
2 320
2 294
2 91
2 46
2 180
2 829
2 249
2 200
2 960
2 116
2 297
2 814
2 634
2 70
2 932
2 279
2 390
2 576
2 581
2 265
2 772
2 338
2 749
2 149
2 419
2 26
2 371
2 18
2 794
2 270
2 782
2 797
2 82
2 518
2 114
2 978
2 737
2 121
2 509
2 992
2 815
2 729
2 878
2 961
2 646
2 497
2 293
2 223
2 222
2 449
2 433
2 900
2 646
2 54
2 56
2 633
2 48
2 916
2 86
2 57
2 729
2 472
2 188
2 351
2 594
2 58
2 797
2 17
2 441
2 648
2 880
2 423
2 422
2 416
2 951
2 593
2 292
2 379
2 353
2 189
2 513
2 534
2 121
2 379
2 597
2 428
2 826
2 984
2 246
2 221
2 291
2 865
2 939
2 435
2 844
2 337
2 887
2 302
2 343
2 857
2 410
2 784
2 956
2 48
2 681
2 229
2 106
2 342
2 425
2 251
2 331
2 288
2 375
2 238
2 510
2 269
2 611
2 261
2 741
2 571
2 868
2 957
2 680
2 17
2 561
2 675
2 547
2 921
2 64
2 406
2 583
2 539
1 870
2 582
2 400
2 537
2 650
2 275
2 762
2 921
2 889
2 756
2 525
2 486
2 745
2 773
2 13
2 38
2 478
2 867
2 216
2 144
2 934
2 892
2 269
2 841
2 758
2 996
2 164
2 898
2 57
2 674
2 670
2 916
2 228
2 172
2 514
2 953
2 279
2 797
2 320
2 256
2 685
2 772
2 14
2 584
2 531
2 390
2 786
2 356
2 545
2 428
2 449
2 486
2 157
2 804
2 291
2 517
2 274
2 860
2 832
2 951
2 365
2 887
2 859
2 574
2 148
2 705
2 945
2 820
2 77
2 23
2 461
2 914
2 723
2 1000
2 628
2 883
2 813
2 539
2 91
2 131
2 816
2 370
2 603
2 292
2 892
2 916
2 956
2 929
2 565
2 602
2 963
2 373
2 631
2 440
2 345
2 930
2 570
2 466
2 55
2 156
2 541
2 995
2 460
2 626
2 852
2 919
2 367
2 164
2 972
2 528
2 886
2 299
2 89
1 992
2 58
2 704
2 408
2 622
2 377
2 659
2 919
2 501
2 180
2 822
2 225
2 15
2 336
1 801
2 385
2 902
2 402
2 760
2 58
2 588
2 955
2 985
2 579
2 15
2 840
2 735
2 25
2 757
2 720
2 97
2 537
2 549
2 895
2 444
2 560
2 551
2 520
2 854
2 947
2 915
2 197
2 868
2 318
2 13
2 534
2 95
2 500
2 740
2 846
2 323
2 839
2 58
2 616
2 350
2 549
2 192
2 232
2 837
2 798
2 855
2 479
2 663
2 459
2 250
2 7
2 920
2 698
2 782
2 75
2 883
2 147
2 844
2 765
2 739
2 688
2 203
2 658
2 109
2 860
2 201
2 440
2 907
2 796
2 39
2 489
2 526
2 836
2 597
2 66
2 420
2 661
2 989
2 385
2 985
2 549
2 464
2 416
2 580
2 429
2 384
2 979
2 495
2 781
2 507
2 232
2 949
2 882
2 142
2 885
1 612
2 595
2 207
2 609
2 853
2 396
2 475
2 972
2 389
2 609
2 310
2 794
2 410
2 847
2 537
2 85
2 320
2 249
2 647
2 831
2 966
2 899
2 481
2 367
2 360
2 963
2 670
2 390
2 678
2 271
2 356
2 692
2 257
2 248
2 169
2 403
2 437
2 958
2 265
2 42
2 502
2 96
2 278
2 572
2 237
2 399
2 931
2 61
2 438
2 640
2 583
2 661
2 46
2 250
2 34
2 658
2 421
2 584
2 470
2 966
2 137
2 541
2 435
2 434
2 87
2 548
2 755
2 658
2 233
2 219
2 848
2 895
2 839
2 55
2 272
2 382
2 94
2 442
2 473
2 412
2 844
2 489
2 748
2 723
2 226
2 587
2 54
2 499
2 118
2 3
2 379
2 964
2 684
2 350
2 715
2 560
2 660
2 119
2 471
2 789
2 384
2 956
2 599
2 943
2 572
2 211
2 262
2 581
2 830
2 196
2 546
1 798
2 772
2 112
2 949
2 333
2 452
2 5
2 825
2 309
2 557
2 927
2 157
2 868
2 501
2 925
2 823
2 443
2 89
2 31
2 875
2 475
2 664
2 882
2 305
2 896
2 28
2 280
2 812
2 854
2 945
2 304
2 781
2 986
1 587
2 991
2 97
2 451
2 156
2 43
2 502
2 597
2 240
2 671
2 758
2 886
2 519
2 535
2 439
2 540
2 29
2 581
2 643
2 999
2 278
2 930
2 871
2 429
2 791
2 539
2 110
2 69
2 258
2 299
2 476
2 433
2 227
2 661
2 979
2 611
2 60
2 364
2 300
2 159
2 139
2 227
2 576
2 258
2 970
2 102
2 249
2 346
2 86
2 816
2 288
2 411
2 988
2 867
2 300
2 19
2 77
2 630
2 649
2 436
2 186
2 551
2 882
2 886
2 187
2 169
2 264
2 303
2 128
2 749
2 591
2 677
2 105
2 277
2 291
2 120
2 488
2 288
2 517
2 61
2 707
2 852
2 591
2 142
2 603
2 120
2 126
2 634
2 100
2 79
2 281
2 74
2 869
2 585
2 438
2 445
2 794
2 684
2 388
2 724
2 978
2 19
2 926
2 221
2 851
2 884
2 866
2 809
2 221
2 61
2 237
2 619
2 756
2 440
2 965
2 972
2 931
2 516
2 81
2 532
2 445
2 420
2 849
2 399
2 99
2 967
2 952
2 814
2 943
2 213
2 449
2 15
2 654
2 766
2 710
2 213
2 86
2 779
2 129
2 687
2 877
2 855
2 183
2 927
2 821
2 324
2 253
2 807
2 444
2 510
2 30
2 847
2 835
2 698
2 568
2 781
2 82
2 584
2 274
2 800
2 771
2 254
2 492
2 946
2 3
2 821
