100 200
2 1
3 2
4 2
5 3
6 2
7 2
8 3
9 8
10 5
11 1
12 9
13 8
14 5
15 5
16 14
17 16
18 15
19 4
20 1
21 19
22 6
23 8
24 11
25 22
26 3
27 14
28 10
29 15
30 22
31 12
32 22
33 17
34 21
35 33
36 25
37 33
38 8
39 26
40 14
41 26
42 28
43 24
44 38
45 12
46 25
47 7
48 14
49 42
50 2
51 32
52 37
53 16
54 1
55 25
56 21
57 2
58 31
59 33
60 55
61 22
62 6
63 32
64 26
65 10
66 2
67 29
68 23
69 62
70 43
71 1
72 20
73 70
74 16
75 52
76 9
77 8
78 45
79 23
80 55
81 44
82 55
83 60
84 79
85 33
86 1
87 20
88 57
89 41
90 54
91 88
92 54
93 77
94 90
95 86
96 2
97 65
98 68
99 44
100 81
2 48
2 38
1 99
2 98
1 50
2 33
1 5
2 21
1 80
2 61
1 82
1 84
1 14
1 9
2 24
2 52
1 52
1 69
2 46
2 34
1 68
2 60
1 23
1 45
1 55
2 35
2 60
2 66
1 24
1 87
1 91
2 99
1 58
1 12
2 94
2 68
2 27
2 57
2 96
2 12
2 28
1 78
1 54
1 40
2 7
1 27
1 71
1 4
1 26
1 75
2 88
2 18
2 44
1 8
1 96
1 17
2 59
2 75
2 85
1 97
2 60
2 90
1 72
2 39
1 3
1 25
2 69
1 81
2 90
2 1
1 100
1 33
1 63
2 59
1 89
1 85
1 19
1 34
2 86
2 6
1 83
1 48
1 31
1 73
1 46
1 15
2 98
2 43
1 47
2 4
1 95
1 22
1 28
1 76
1 37
1 62
1 7
1 36
2 13
1 56
2 72
1 29
2 39
1 66
1 39
1 92
1 43
2 67
1 2
2 83
2 66
2 73
1 88
2 32
1 93
2 41
2 41
1 16
1 60
2 3
2 74
1 79
1 77
2 61
1 57
2 67
2 3
2 89
1 70
2 87
2 3
1 51
2 94
1 21
2 53
2 37
2 20
1 59
1 13
2 52
2 85
2 38
2 23
1 6
1 86
2 9
1 30
1 90
1 41
1 11
1 74
1 20
1 18
1 65
2 7
1 38
2 37
1 67
1 61
2 92
2 89
1 53
2 16
1 42
1 35
2 44
1 49
2 31
1 94
1 64
2 43
2 39
2 17
1 32
1 98
2 10
1 10
2 88
2 70
1 44
2 92
2 58
2 46
2 65
2 26
2 56
2 14
2 21
2 52
2 10
2 86
2 40
2 24
2 59
2 75
2 61
2 58
2 18
2 69
2 98
