1000 2000
2 1
3 1
4 1
5 1
6 3
7 5
8 1
9 1
10 9
11 2
12 7
13 8
14 5
15 2
16 6
17 1
18 13
19 4
20 13
21 6
22 7
23 9
24 21
25 17
26 21
27 20
28 3
29 18
30 2
31 16
32 26
33 3
34 13
35 16
36 1
37 4
38 4
39 32
40 33
41 12
42 34
43 17
44 32
45 3
46 17
47 20
48 12
49 31
50 43
51 25
52 9
53 43
54 23
55 22
56 49
57 54
58 27
59 49
60 22
61 48
62 32
63 10
64 52
65 16
66 32
67 24
68 39
69 13
70 28
71 6
72 39
73 2
74 59
75 31
76 42
77 3
78 39
79 14
80 38
81 74
82 63
83 41
84 19
85 9
86 37
87 77
88 27
89 17
90 11
91 45
92 57
93 78
94 62
95 93
96 10
97 13
98 90
99 69
100 59
101 8
102 29
103 60
104 3
105 81
106 57
107 36
108 36
109 66
110 107
111 36
112 108
113 35
114 55
115 38
116 79
117 76
118 68
119 73
120 13
121 110
122 34
123 100
124 22
125 73
126 41
127 78
128 35
129 71
130 31
131 89
132 99
133 57
134 113
135 130
136 62
137 2
138 107
139 22
140 15
141 27
142 114
143 21
144 89
145 86
146 103
147 3
148 27
149 16
150 136
151 20
152 62
153 123
154 21
155 130
156 119
157 104
158 124
159 62
160 80
161 119
162 45
163 138
164 15
165 62
166 56
167 112
168 100
169 117
170 127
171 65
172 152
173 7
174 99
175 84
176 19
177 68
178 121
179 163
180 5
181 14
182 139
183 180
184 87
185 127
186 128
187 170
188 157
189 41
190 57
191 126
192 106
193 37
194 53
195 148
196 139
197 6
198 83
199 84
200 61
201 61
202 183
203 157
204 27
205 188
206 29
207 5
208 100
209 175
210 159
211 33
212 17
213 140
214 186
215 141
216 10
217 146
218 21
219 152
220 105
221 203
222 101
223 70
224 64
225 98
226 211
227 139
228 132
229 114
230 8
231 101
232 172
233 208
234 44
235 188
236 177
237 121
238 132
239 76
240 2
241 177
242 201
243 206
244 125
245 76
246 194
247 228
248 111
249 106
250 212
251 81
252 214
253 155
254 135
255 36
256 177
257 234
258 93
259 205
260 215
261 32
262 62
263 241
264 248
265 232
266 88
267 168
268 187
269 251
270 55
271 209
272 23
273 188
274 58
275 242
276 275
277 82
278 271
279 83
280 9
281 23
282 136
283 217
284 187
285 252
286 35
287 199
288 108
289 249
290 80
291 252
292 151
293 133
294 85
295 212
296 129
297 112
298 88
299 85
300 5
301 289
302 255
303 128
304 261
305 262
306 295
307 185
308 226
309 108
310 251
311 118
312 20
313 263
314 301
315 63
316 97
317 145
318 15
319 21
320 189
321 83
322 17
323 44
324 62
325 112
326 316
327 234
328 196
329 124
330 258
331 152
332 5
333 158
334 147
335 202
336 142
337 55
338 265
339 28
340 80
341 322
342 135
343 99
344 16
345 263
346 124
347 185
348 54
349 239
350 313
351 17
352 320
353 240
354 349
355 299
356 114
357 272
358 133
359 196
360 258
361 14
362 254
363 179
364 196
365 99
366 198
367 206
368 82
369 213
370 85
371 147
372 168
373 281
374 14
375 131
376 177
377 87
378 225
379 238
380 173
381 36
382 101
383 120
384 275
385 154
386 23
387 30
388 308
389 36
390 146
391 213
392 129
393 280
394 346
395 355
396 271
397 353
398 170
399 156
400 255
401 248
402 60
403 46
404 338
405 36
406 193
407 106
408 342
409 273
410 99
411 49
412 124
413 135
414 199
415 413
416 362
417 104
418 182
419 318
420 333
421 25
422 309
423 301
424 173
425 178
426 68
427 281
428 87
429 9
430 124
431 329
432 428
433 71
434 26
435 109
436 182
437 312
438 377
439 267
440 134
441 112
442 109
443 373
444 402
445 26
446 400
447 93
448 38
449 81
450 60
451 20
452 446
453 271
454 231
455 444
456 17
457 407
458 167
459 303
460 299
461 112
462 69
463 350
464 4
465 431
466 174
467 314
468 164
469 354
470 461
471 373
472 411
473 298
474 346
475 224
476 426
477 250
478 368
479 444
480 363
481 470
482 217
483 406
484 74
485 173
486 248
487 266
488 412
489 34
490 456
491 117
492 58
493 422
494 129
495 25
496 392
497 305
498 336
499 289
500 197
501 13
502 358
503 69
504 106
505 298
506 34
507 272
508 173
509 16
510 461
511 264
512 413
513 12
514 413
515 150
516 501
517 127
518 483
519 39
520 210
521 351
522 120
523 224
524 1
525 130
526 332
527 142
528 346
529 481
530 494
531 292
532 247
533 135
534 54
535 274
536 442
537 203
538 199
539 482
540 97
541 123
542 245
543 90
544 303
545 489
546 344
547 115
548 131
549 2
550 293
551 275
552 444
553 497
554 141
555 99
556 89
557 464
558 425
559 533
560 158
561 482
562 389
563 438
564 306
565 165
566 10
567 194
568 201
569 90
570 134
571 293
572 476
573 474
574 12
575 286
576 324
577 475
578 99
579 278
580 310
581 203
582 456
583 74
584 143
585 8
586 421
587 207
588 398
589 484
590 428
591 205
592 243
593 485
594 19
595 410
596 1
597 262
598 538
599 26
600 319
601 426
602 191
603 342
604 432
605 281
606 27
607 592
608 391
609 456
610 229
611 211
612 542
613 209
614 158
615 378
616 223
617 96
618 222
619 335
620 3
621 346
622 269
623 410
624 302
625 532
626 596
627 413
628 582
629 568
630 413
631 14
632 225
633 383
634 299
635 20
636 417
637 535
638 189
639 81
640 32
641 316
642 470
643 69
644 542
645 415
646 329
647 355
648 40
649 26
650 309
651 489
652 53
653 347
654 30
655 297
656 454
657 587
658 388
659 517
660 206
661 576
662 362
663 136
664 450
665 326
666 484
667 246
668 344
669 213
670 485
671 203
672 283
673 190
674 317
675 410
676 382
677 372
678 486
679 42
680 145
681 212
682 108
683 240
684 546
685 78
686 205
687 383
688 298
689 492
690 153
691 94
692 47
693 169
694 552
695 339
696 231
697 123
698 519
699 622
700 506
701 209
702 345
703 533
704 336
705 365
706 536
707 423
708 294
709 499
710 493
711 128
712 384
713 379
714 598
715 181
716 653
717 79
718 540
719 610
720 147
721 238
722 636
723 555
724 500
725 524
726 606
727 433
728 339
729 445
730 510
731 377
732 659
733 295
734 437
735 18
736 493
737 438
738 152
739 404
740 175
741 533
742 107
743 182
744 454
745 340
746 17
747 545
748 640
749 637
750 459
751 393
752 291
753 462
754 279
755 210
756 327
757 344
758 443
759 377
760 321
761 109
762 519
763 53
764 151
765 142
766 280
767 640
768 279
769 369
770 722
771 92
772 713
773 740
774 315
775 106
776 107
777 451
778 284
779 420
780 226
781 164
782 649
783 105
784 761
785 722
786 640
787 97
788 1
789 232
790 700
791 439
792 498
793 556
794 375
795 228
796 732
797 30
798 499
799 499
800 433
801 435
802 646
803 47
804 694
805 446
806 717
807 264
808 368
809 655
810 235
811 288
812 565
813 457
814 160
815 424
816 403
817 769
818 361
819 486
820 366
821 534
822 327
823 351
824 476
825 112
826 822
827 389
828 1
829 599
830 269
831 424
832 354
833 503
834 356
835 666
836 608
837 7
838 38
839 464
840 148
841 603
842 474
843 817
844 211
845 715
846 829
847 658
848 286
849 280
850 817
851 419
852 774
853 544
854 616
855 812
856 556
857 851
858 799
859 680
860 715
861 521
862 588
863 859
864 418
865 723
866 481
867 447
868 309
869 461
870 187
871 279
872 242
873 292
874 5
875 696
876 650
877 176
878 188
879 436
880 96
881 583
882 314
883 765
884 319
885 607
886 655
887 201
888 194
889 326
890 284
891 212
892 501
893 411
894 410
895 32
896 554
897 405
898 630
899 98
900 571
901 546
902 622
903 736
904 36
905 782
906 572
907 848
908 659
909 885
910 259
911 42
912 505
913 824
914 6
915 495
916 35
917 744
918 582
919 392
920 618
921 104
922 639
923 473
924 450
925 485
926 554
927 404
928 134
929 113
930 304
931 34
932 468
933 35
934 119
935 106
936 320
937 27
938 113
939 646
940 831
941 882
942 783
943 199
944 190
945 830
946 845
947 496
948 512
949 72
950 96
951 830
952 761
953 450
954 582
955 916
956 533
957 7
958 804
959 325
960 63
961 197
962 767
963 17
964 136
965 326
966 175
967 480
968 520
969 507
970 851
971 757
972 273
973 312
974 766
975 48
976 406
977 623
978 389
979 889
980 99
981 576
982 829
983 233
984 540
985 262
986 359
987 354
988 169
989 861
990 508
991 820
992 180
993 83
994 202
995 144
996 531
997 688
998 861
999 672
1000 822
2 995
2 502
2 463
2 753
2 777
2 217
2 470
2 759
2 576
2 3
2 798
2 866
1 421
2 103
2 358
2 883
2 371
2 136
2 944
2 686
2 417
2 705
2 907
2 177
2 556
2 742
2 980
2 210
2 458
1 208
2 973
2 252
2 711
2 215
2 178
2 654
2 88
2 884
2 682
2 296
2 564
2 699
2 490
2 461
2 164
2 559
2 779
2 993
2 641
2 666
2 426
2 521
2 693
2 58
2 339
2 265
2 964
2 69
2 138
2 421
2 185
2 613
2 748
2 392
2 843
2 757
2 565
2 660
2 738
2 632
2 803
2 589
2 711
2 408
2 944
2 235
2 555
2 705
2 446
2 594
2 128
2 918
2 843
2 458
2 569
2 361
2 881
2 259
2 413
2 293
2 17
2 280
2 541
2 79
2 781
2 512
2 462
2 147
2 386
2 792
2 192
2 999
2 311
2 49
2 406
2 734
2 856
2 300
2 677
2 237
2 885
2 123
2 778
2 760
2 797
2 882
2 810
2 18
2 391
2 252
2 380
2 709
2 569
2 779
2 549
2 195
2 882
2 955
2 171
2 583
2 76
2 351
2 233
2 919
2 545
2 713
2 438
2 458
2 426
2 27
2 976
2 470
2 350
2 850
2 449
2 41
2 40
2 709
2 58
2 164
2 634
2 38
2 240
2 780
2 962
2 271
2 909
2 273
2 560
2 661
2 944
2 519
2 73
2 666
2 512
2 270
2 565
2 626
2 656
2 806
2 873
2 616
2 755
2 811
2 968
2 717
2 461
2 667
2 969
2 280
2 153
1 405
2 8
2 694
2 577
2 735
2 310
2 601
2 718
2 102
2 724
2 552
2 167
2 404
2 44
2 248
2 915
2 918
2 798
2 23
2 784
2 261
2 435
2 624
2 449
2 41
2 924
2 33
2 233
2 383
2 940
2 481
2 219
2 788
2 609
2 808
2 193
2 337
2 495
2 529
2 254
2 731
2 45
2 758
2 512
2 898
2 431
2 26
2 648
2 76
2 128
2 994
2 680
2 661
2 336
2 542
2 385
2 446
2 229
2 498
2 35
2 723
2 710
2 806
2 63
2 539
2 282
2 168
2 255
2 387
2 318
2 357
2 111
2 960
2 598
2 7
2 875
2 203
2 162
2 501
2 2
2 835
2 87
2 232
2 335
2 340
2 722
2 141
2 897
2 156
2 678
2 982
2 740
2 764
2 327
2 595
2 18
2 662
2 594
2 617
2 827
2 495
2 940
2 535
2 282
2 32
2 776
2 127
2 781
2 617
2 475
2 481
2 93
2 223
2 643
2 874
2 238
2 85
2 150
2 250
2 33
2 255
2 311
2 646
2 804
2 458
2 334
2 393
2 614
2 10
2 305
2 552
2 849
2 76
2 940
2 263
2 480
2 109
2 787
2 784
2 923
2 613
2 928
2 823
2 415
2 914
2 292
2 446
2 823
2 615
2 332
2 895
2 8
2 852
2 250
2 984
2 41
2 147
2 271
2 132
2 302
2 584
2 128
2 705
2 441
2 670
2 401
2 543
2 170
2 820
2 723
2 225
2 233
2 230
2 151
2 553
2 192
2 443
2 156
2 578
2 64
2 822
2 343
2 101
2 499
2 900
2 523
2 619
2 739
2 33
2 819
2 54
2 104
2 99
2 960
2 532
2 2
2 916
2 960
2 971
2 393
2 321
2 667
2 319
2 559
2 101
2 285
2 912
2 21
2 504
2 179
2 851
2 525
2 963
2 519
2 291
2 126
2 13
2 473
2 587
2 160
2 338
2 381
2 352
2 596
2 524
2 502
2 268
2 803
2 978
2 768
2 96
2 978
1 46
2 122
2 41
2 547
2 341
2 800
2 300
2 8
2 958
2 741
2 87
2 988
2 140
2 189
2 742
2 488
2 801
2 670
2 352
2 745
2 601
2 512
2 365
2 469
2 612
2 469
2 727
2 765
2 674
2 279
2 475
2 69
2 830
2 648
2 857
2 119
1 5
2 583
2 284
2 639
2 480
2 864
2 24
2 568
2 475
2 676
2 570
2 959
2 252
2 674
2 794
2 525
2 281
2 352
2 455
2 109
2 319
2 70
2 452
2 239
2 568
2 866
2 199
2 381
2 132
2 487
2 469
2 480
2 988
2 24
2 350
2 655
2 195
2 717
2 128
2 451
2 669
2 117
2 919
2 354
2 879
2 729
2 175
2 927
2 316
2 490
2 719
2 929
2 316
2 876
2 147
2 882
1 855
2 698
2 418
2 709
2 513
2 499
2 891
2 885
2 367
2 828
2 178
2 943
2 902
2 236
2 791
2 351
2 945
2 276
2 549
2 886
2 442
1 587
2 365
2 370
2 911
2 337
2 770
2 884
2 894
2 435
2 964
2 974
2 825
2 893
2 85
2 431
2 386
2 200
2 326
2 259
2 639
2 313
2 299
2 172
2 247
2 596
2 634
2 424
2 699
2 166
2 554
2 668
2 636
2 526
2 123
2 68
2 329
2 422
2 203
2 246
2 2
2 165
2 47
2 493
2 709
2 802
2 646
2 268
2 391
2 496
2 294
2 587
2 494
2 795
2 902
2 383
2 878
2 538
2 264
2 878
2 928
2 904
2 446
2 539
2 157
2 938
2 36
2 824
2 204
2 314
2 715
2 67
2 775
2 53
2 829
2 502
2 919
2 559
2 219
2 236
2 469
2 993
2 365
2 812
2 576
2 939
2 751
2 19
2 98
2 170
2 489
2 822
2 866
2 525
2 614
2 230
2 80
2 70
2 106
2 312
2 365
2 865
2 932
2 157
2 717
2 567
2 565
2 531
2 89
2 163
2 341
2 411
2 21
2 37
2 94
2 66
2 933
2 220
2 961
2 74
2 830
2 591
2 400
2 512
2 994
2 148
2 451
2 990
2 645
2 991
2 114
2 153
2 285
2 632
2 312
2 630
2 51
2 223
2 443
2 473
2 456
2 533
1 439
2 533
2 960
2 952
2 693
2 805
2 954
2 41
2 957
2 832
2 763
2 775
2 761
2 514
2 814
2 161
2 838
2 207
2 793
2 205
2 231
2 544
2 288
2 837
2 137
2 355
2 990
2 108
2 392
2 269
2 25
2 122
2 893
2 543
2 968
2 861
2 866
2 972
2 24
2 990
2 791
2 14
2 938
2 867
2 395
2 563
2 275
2 735
2 628
2 59
2 399
2 698
2 633
2 111
2 126
2 72
2 886
2 525
2 825
2 879
2 242
2 889
2 206
2 870
2 471
2 571
2 524
2 277
2 121
2 432
2 519
2 924
2 585
2 601
2 269
2 29
2 389
2 318
2 177
2 169
2 899
2 40
2 803
2 177
2 154
2 775
2 647
2 808
2 210
2 123
2 916
2 443
2 992
2 586
2 6
2 926
2 724
2 953
2 454
2 981
2 960
2 972
2 614
2 687
2 626
2 403
2 201
2 213
2 550
2 250
2 246
2 934
2 904
2 466
2 179
2 402
2 383
2 625
2 942
2 626
2 331
2 866
2 913
2 808
2 1
2 522
2 802
2 375
2 360
2 54
2 420
2 787
2 479
2 510
2 274
2 148
2 421
2 247
2 436
2 725
2 32
2 96
2 470
2 348
2 171
2 760
2 748
2 973
2 685
2 954
2 978
2 148
2 178
2 49
2 266
2 650
2 224
2 755
2 455
2 397
2 161
2 819
2 890
2 315
2 640
2 32
2 441
2 531
2 482
2 294
2 565
2 796
2 844
2 905
2 118
2 962
2 716
2 349
2 111
2 989
2 394
2 848
2 898
2 370
2 472
2 199
2 279
2 584
2 672
2 233
2 614
2 427
2 345
2 330
2 225
2 828
2 425
2 284
2 211
2 491
1 86
2 751
2 156
2 51
2 704
2 407
2 776
2 657
2 429
2 985
2 96
2 49
2 332
2 964
2 14
2 61
2 902
2 890
2 830
2 687
2 926
2 650
2 331
2 924
2 137
2 786
2 12
2 369
2 979
2 115
2 634
2 896
2 250
2 200
2 784
2 168
2 870
2 644
2 871
2 981
2 669
2 893
2 689
2 52
2 63
2 195
2 588
2 476
2 663
2 309
2 40
2 394
2 245
2 350
2 949
2 939
2 310
2 287
2 183
2 931
2 232
2 420
2 697
2 740
2 993
2 137
1 3
2 448
2 108
2 865
2 976
2 16
2 404
2 259
2 255
2 467
2 533
2 36
2 551
2 55
2 8
2 845
2 143
2 167
2 130
2 996
2 631
2 376
2 468
2 307
2 672
2 551
2 625
2 446
2 254
2 805
2 198
2 48
2 31
2 618
2 997
2 616
2 103
2 608
2 754
2 325
2 946
2 613
2 832
2 134
2 320
2 753
2 381
2 49
2 688
2 571
2 348
2 690
2 709
2 69
2 128
2 513
2 168
2 552
2 761
2 903
2 645
2 366
2 914
2 829
2 77
2 246
2 504
2 58
2 608
2 568
2 205
2 763
2 388
2 43
2 266
2 456
2 959
2 603
2 435
2 480
2 510
2 904
2 54
1 155
2 182
2 26
2 111
2 347
2 247
2 715
2 75
2 869
2 148
2 461
2 987
2 32
2 911
2 907
2 597
2 810
2 228
2 468
2 940
2 543
2 990
2 573
2 287
2 530
2 323
2 289
2 642
2 929
2 249
2 375
2 185
2 111
2 387
2 918
2 477
2 451
2 953
2 965
2 516
2 692
2 632
2 369
2 870
2 522
2 656
2 427
2 42
2 337
2 295
2 129
2 141
2 897
2 667
2 439
2 815
2 324
2 299
2 873
2 473
2 107
2 13
2 739
2 663
2 783
2 5
2 285
2 669
2 686
2 493
2 92
2 420
2 563
2 989
2 431
2 657
2 850
2 440
2 155
2 790
2 942
2 682
2 610
2 881
2 925
2 274
2 826
2 216
2 226
2 395
2 237
2 790
2 567
2 969
2 352
2 754
2 882
2 628
2 680
2 414
2 484
2 581
2 216
2 56
2 76
2 944
2 597
2 6
2 120
2 791
2 327
2 719
2 727
2 722
2 23
2 267
2 298
2 109
2 446
2 917
2 93
2 200
2 452
2 406
2 681
2 199
2 398
2 817
2 616
2 469
2 568
2 533
2 563
2 21
2 978
2 63
2 327
2 968
2 556
2 460
2 689
2 82
2 840
2 573
2 933
2 987
2 930
2 998
2 373
2 585
2 932
2 202
2 65
2 450
2 845
2 112
2 111
2 276
2 761
2 782
2 345
2 692
2 234
2 191
2 468
2 486
2 531
2 36
2 415
2 754
2 268
2 76
2 378
2 574
2 854
2 428
2 127
2 514
2 357
2 820
2 512
2 189
2 32
2 153
2 730
2 986
2 725
2 685
2 196
2 291
2 44
2 528
2 288
2 600
2 510
2 426
2 218
2 533
2 754
2 730
2 866
2 90
2 379
2 870
2 469
2 90
2 308
2 309
2 409
2 641
2 121
2 518
2 105
2 189
2 356
2 557
2 504
2 461
2 430
2 343
2 61
2 598
2 500
2 488
2 729
2 654
2 525
2 12
2 953
2 609
2 44
2 183
2 441
2 830
2 85
2 430
2 315
2 651
2 885
2 567
2 658
2 452
2 926
2 628
2 26
2 166
2 826
2 90
2 750
2 81
2 575
2 167
2 997
2 775
2 605
2 799
2 261
2 805
2 132
2 776
2 831
2 219
2 973
2 154
2 702
2 706
2 986
2 138
2 673
2 347
2 254
2 935
2 19
2 894
2 345
2 509
2 410
2 824
2 516
2 104
2 76
2 798
2 343
2 393
2 990
2 178
2 75
2 402
2 859
2 102
2 603
2 98
2 505
2 175
2 87
2 454
2 543
2 823
2 577
2 587
2 318
2 298
2 299
2 48
2 284
2 793
2 794
2 745
2 643
2 879
2 866
2 383
2 666
2 886
2 740
2 926
2 978
2 508
2 597
2 458
2 436
2 90
2 368
2 448
2 597
2 127
2 982
2 362
2 256
2 410
2 480
2 343
2 770
2 954
2 223
2 46
2 567
2 640
2 856
2 905
2 12
2 180
2 327
2 312
2 494
2 141
2 847
2 521
2 982
2 623
2 408
2 332
2 866
2 879
2 244
2 491
2 433
2 867
2 229
2 151
2 450
2 454
2 298
2 812
2 821
2 694
2 953
2 91
2 946
2 153
2 724
2 446
2 526
2 382
2 358
2 603
2 597
2 714
2 717
2 30
2 542
2 666
2 780
1 291
2 26
2 532
2 288
2 523
2 686
2 937
2 336
2 906
2 831
2 827
2 981
2 735
2 74
2 74
2 309
2 858
2 768
2 510
2 5
2 172
2 23
2 690
2 435
2 38
2 718
2 684
2 467
2 165
2 746
2 743
2 9
2 847
2 285
2 892
2 333
2 923
2 154
2 588
2 826
2 496
2 681
2 315
2 104
2 99
2 28
2 895
2 646
2 486
2 252
2 665
2 653
2 259
2 15
2 419
2 475
2 298
2 113
2 41
2 847
2 235
2 22
2 134
2 443
2 983
2 869
2 887
2 775
2 143
2 847
2 245
2 168
2 420
2 907
2 360
2 722
2 230
2 718
2 786
2 777
2 621
2 941
2 371
2 954
2 73
2 957
2 81
2 678
2 663
2 648
2 633
2 443
2 768
2 704
2 713
2 727
2 737
2 99
2 705
2 619
2 141
2 751
2 761
2 914
2 363
2 302
2 664
2 181
2 995
2 980
2 717
2 156
2 182
2 917
2 448
2 110
2 363
2 784
2 768
2 886
2 886
2 502
2 690
2 120
2 866
2 356
2 13
2 229
2 236
2 174
2 581
2 762
2 796
2 872
2 172
2 266
2 903
2 485
2 372
2 844
2 66
2 838
2 839
2 252
2 393
2 82
2 424
2 543
2 167
2 246
2 349
2 586
2 1
2 960
2 789
2 916
2 177
2 713
2 839
2 142
2 753
2 605
2 432
2 254
2 307
2 275
2 857
2 311
2 332
2 196
2 371
2 489
2 89
2 485
2 618
2 348
2 514
1 913
2 572
2 68
2 218
2 389
2 472
2 35
2 61
2 737
2 288
2 534
2 494
2 475
2 740
2 561
2 509
2 151
2 187
2 920
2 239
2 209
2 186
2 509
2 798
2 738
2 135
2 118
2 723
2 575
2 46
2 773
2 528
2 314
2 188
2 862
2 785
2 526
2 304
2 153
2 81
2 740
2 242
2 379
2 101
2 929
2 730
2 882
2 42
2 80
2 270
2 9
2 178
2 301
2 199
2 629
2 386
2 231
2 517
2 273
2 590
2 483
2 91
2 403
2 133
1 910
2 979
2 519
2 444
2 225
2 650
2 784
2 536
2 252
2 397
2 250
2 400
2 14
2 656
2 539
2 345
2 929
2 665
2 11
2 896
2 238
2 988
2 582
2 317
2 222
2 833
2 794
2 83
2 142
2 371
2 772
2 486
2 475
2 527
2 1
2 410
2 129
2 866
2 466
2 375
2 401
2 594
2 893
2 500
2 641
2 822
2 93
2 231
2 924
2 125
2 305
2 184
2 74
2 782
2 6
2 714
2 320
2 93
2 753
2 424
2 591
2 437
2 9
2 698
2 630
2 7
2 788
2 126
2 757
2 236
2 334
2 197
2 197
2 929
2 282
2 389
2 722
2 211
2 943
2 952
2 749
2 317
2 242
2 204
2 669
2 727
2 438
2 786
2 319
2 947
2 919
2 929
2 232
2 971
2 753
2 200
2 17
2 607
2 196
2 636
2 412
2 875
2 268
2 116
2 803
2 765
2 313
2 614
2 405
2 615
2 115
2 735
2 286
2 819
2 495
2 661
2 740
2 775
2 927
2 686
2 505
2 909
2 334
2 954
2 139
2 540
2 886
2 569
2 209
2 592
2 450
2 501
2 927
2 262
2 113
2 18
2 609
2 1000
2 539
2 94
2 82
2 329
2 247
2 485
2 325
2 392
2 357
2 84
2 48
2 197
2 843
2 378
2 38
2 700
2 42
2 771
2 789
2 98
2 697
2 430
2 560
2 139
2 881
2 792
2 645
2 237
2 397
2 948
2 271
2 795
2 538
2 94
2 915
2 948
2 584
2 789
2 470
1 73
2 492
2 978
2 952
2 470
2 711
2 415
2 727
2 110
2 208
2 160
2 453
2 840
2 24
2 798
2 151
2 861
2 805
2 998
2 656
2 190
2 360
2 379
2 524
2 502
2 833
2 423
2 899
2 741
2 333
2 505
2 957
2 767
2 401
2 410
2 734
2 274
2 140
2 447
2 180
2 284
2 524
2 781
2 286
2 355
2 507
2 890
2 591
2 704
2 733
2 199
2 202
2 62
2 768
2 863
2 341
2 314
2 213
2 202
2 849
2 558
2 237
2 798
2 908
2 313
2 770
2 913
2 822
2 81
2 260
2 915
2 121
2 914
2 516
2 892
2 187
2 896
2 10
2 114
2 734
2 946
2 217
2 759
2 162
2 359
2 308
2 873
2 779
2 400
2 88
2 984
2 918
2 371
2 633
2 126
2 503
2 331
2 676
2 348
2 44
2 310
2 110
2 977
2 798
2 957
2 470
2 466
2 264
2 176
2 172
2 416
2 729
2 677
2 834
2 822
2 192
2 970
2 601
2 803
2 334
2 303
2 79
2 456
2 841
2 682
2 979
2 957
2 417
2 428
2 720
2 156
2 870
2 950
2 665
2 112
2 271
2 372
2 846
2 367
2 645
2 902
2 693
2 153
2 681
2 359
2 269
2 885
2 5
2 695
2 661
2 660
2 454
2 907
2 396
2 7
2 487
2 714
2 659
2 504
2 861
2 852
2 815
2 448
2 635
2 808
2 71
2 94
2 467
2 29
2 443
2 221
2 696
2 562
2 678
2 385
2 277
2 272
2 413
2 373
2 746
2 193
2 352
2 22
