1000
76204 90754 27912
49399 3684 77131
85512 14395 8610
25242 44237 69301
43089 92677 37982
11722 37231 13439
80877 97525 5561
9124 84260 4290
87400 53177 75729
22442 63549 29764
70692 61791 67116
35126 69747 99567
56563 22823 33034
86529 97431 87524
58901 43760 28002
99736 63100 28281
73132 9107 91427
56721 81158 748
61730 47418 88105
83682 65858 41972
14291 20400 30106
25566 14782 91383
10507 66223 60110
16132 19088 46321
92627 61461 58574
50515 25394 78511
55726 630 70814
28107 46842 57460
90517 53891 57080
10409 56364 17522
21033 75298 8738
53480 76713 63998
52633 81677 42651
58384 78162 31396
40146 52326 58775
13040 11377 27209
98663 65515 16437
4112 16907 86
44044 88709 25861
96435 62960 90563
1296 21547 52918
75467 81498 45648
94971 7095 73991
79500 18725 80819
66888 72199 67888
99657 49146 99214
76323 17943 77335
79543 70514 65984
25722 72648 92650
99092 4612 83664
97106 39153 53181
93749 65273 87518
83172 70625 16256
93698 89656 46228
948 71327 92979
409 41142 56859
99545 72371 23078
38302 66600 86794
84920 48508 2237
28256 2403 54946
3313 90553 597
68246 21355 95010
80431 44763 22042
65849 35529 62841
4658 23913 30617
74459 7982 6800
28468 57514 57529
17802 26279 18835
62541 97985 65334
38453 57746 51962
44725 66513 26228
49830 14709 72589
46095 2604 61521
67672 11469 32440
21502 87938 17911
14342 23032 3065
11660 6096 42092
52220 32072 21526
60900 75319 90381
5553 59825 23484
18102 83026 11139
4565 65455 78763
81984 11177 32215
84278 51046 78406
78660 21876 1690
40198 69661 45802
50894 39379 72643
21104 87239 22617
49459 69071 85590
15156 1270 28200
63010 6303 98693
21812 29366 3781
72318 69835 22445
40444 97309 37768
44411 48565 67691
26130 50726 36034
8078 59098 79700
22453 24249 46198
27916 57494 3044
13810 55513 30698
53760 55223 18408
40127 72397 71601
4651 23133 78433
47074 99374 82106
16010 14278 31474
89495 29241 44726
54581 47985 10008
63592 50106 54185
89730 82327 44663
18665 67555 12991
82989 26349 66701
99783 31100 9887
32680 53047 66251
77340 16776 83261
4357 95744 2499
99519 36444 55227
75888 24080 72894
51991 44630 73605
28501 47668 5093
27232 1430 82211
1212 82913 56972
55066 90077 60157
85508 51355 17653
78215 34123 88710
23828 202 39462
97365 36071 34413
47420 39914 98194
36769 78707 84438
91682 73681 572
17892 51854 40810
86529 273 71514
80313 30290 23629
68895 8302 55728
66078 70976 21910
47514 54902 95807
16121 99362 79013
98191 98199 51135
10750 82791 84143
94185 48980 87803
5142 53478 52132
99568 48194 28930
89143 96309 34040
30836 75751 57572
13231 6895 38851
87895 53937 60204
18153 39798 19778
6414 24535 72940
74281 43209 94351
78011 12716 77873
54795 85114 14711
44463 5426 8088
3946 60376 42892
69282 42533 41901
66421 85548 38994
89810 22973 92609
9631 86315 57117
85386 21735 73070
37716 39722 1754
19956 24905 30894
65102 11923 12314
66073 66137 6779
86044 36841 86939
16790 15740 26590
46734 82794 89458
59743 72994 21350
86640 28979 38690
9358 49903 5146
89513 47905 42903
55055 67018 59686
42460 74875 70802
19586 61324 52190
44162 53249 54904
19760 59816 52320
87908 73340 67689
10214 71377 73978
96995 49395 6767
29284 18762 22395
31813 40377 94609
40066 22856 28055
56511 66346 11777
37859 27068 13084
27612 58750 70848
17472 10884 11788
75700 92514 30356
40494 73349 61319
36657 8405 42641
31832 12584 70682
10685 35757 54186
76046 63709 57102
9214 25053 13944
97124 3245 33245
16242 43447 22259
15557 69072 19428
6522 78175 68742
86876 40544 60142
14296 95368 98235
78599 50428 44477
29419 34338 5551
277 31433 93144
61247 86348 24578
83751 56926 23127
27829 87693 4446
24726 41318 95879
35663 77518 24590
55505 52899 40791
38963 25748 94997
41176 62124 51224
35816 33769 21435
2130 66514 14585
92015 15165 62713
92039 82941 42849
68424 66724 94720
53876 40722 19919
77274 17616 50920
85133 4950 27702
1327 75504 42514
59513 65999 22966
86329 61282 3263
37861 94186 41013
88478 74327 87364
34286 64268 85492
46667 87896 80401
49417 20618 59085
29230 96755 17270
35952 99800 40467
19219 27097 70077
19166 46208 21187
3330 49609 8127
25686 92945 41618
74456 92667 54602
79595 20947 89140
636 59596 77267
42756 31231 84148
21405 30313 17232
67849 80881 17999
62065 59061 64132
39599 92546 37499
89182 46182 68048
93465 96105 7919
22897 30997 1961
18531 92173 61568
26434 35203 97312
36395 22405 46268
27847 23310 90947
94289 81267 92305
9740 6287 57549
50671 15776 17568
7168 99556 61240
73066 7806 94606
47191 85621 61453
64339 93912 95378
92129 43223 60747
39811 50273 15218
65041 79327 92498
92620 99096 74022
3310 30188 96957
53152 80320 32196
7501 18727 80019
65864 66265 72437
90576 65243 45781
3068 50335 91595
83733 36224 48380
61452 52638 81541
24437 55548 33043
84932 28766 40679
4567 35524 58305
60886 84267 34153
77033 20218 24659
29995 58632 36421
49044 43265 81657
32672 35349 17270
3660 62460 88729
59873 67030 18005
18187 35795 20571
70584 39821 82247
47640 39169 33031
50854 51568 39675
89247 93453 62998
88721 36954 95649
86046 29663 69574
21913 59374 97527
51653 65332 8784
26212 59295 1697
39827 44870 55034
96895 12407 22342
78619 41723 51197
38804 83095 55177
20682 60875 93810
75624 57820 90545
7569 45949 31373
97221 98271 62944
61335 894 41976
62644 91571 31736
36130 62394 74716
47030 14627 89403
69718 42713 49145
29922 42464 3619
23162 2635 98748
88150 12363 56058
20350 43976 37742
75697 13113 71094
93534 87037 91040
87668 43820 40040
49241 59870 6210
92465 83939 4183
78050 7903 39330
67200 47710 69155
65938 29163 46559
52555 27320 86
29750 28171 51733
60137 99455 37678
48994 48972 5580
93349 93872 5595
30598 50758 3983
58201 7229 66131
17114 74578 63417
14760 36800 92302
91732 41392 79329
48898 32085 66196
98614 53055 66651
42236 1744 67269
46310 67056 91034
22266 29597 42581
92689 1931 61538
45746 58306 89083
36584 64161 95694
89315 43063 728
63440 77411 63710
78623 64341 39303
30605 36457 86476
91862 59362 53929
38846 45536 32228
33391 11369 64565
61026 78500 78262
90682 42248 6304
91568 77068 12554
76301 48790 58226
64244 23426 56962
68603 88951 37237
68405 29764 82505
36667 66214 38710
34425 71277 27259
85377 34997 33355
40819 13593 82683
58725 71095 48771
82686 56930 92516
17745 81481 43495
96230 79892 94988
33182 32097 45774
39232 17511 57522
86121 69056 54713
46472 32333 78779
19728 63202 50142
59588 2685 14540
53335 17132 66620
31330 9607 96250
30107 7622 75986
96027 43547 47712
61304 43597 89986
84690 22214 83149
47225 13399 25376
81176 7095 51072
99697 32314 52428
10839 89961 59224
51329 78035 79491
88569 23559 97164
46007 12320 41935
39680 3531 4868
82389 63576 4096
88769 22112 68728
64357 38872 8459
75994 40384 99663
93464 113 57504
82807 51983 32628
12707 74708 32203
23705 69982 20183
17764 80962 50046
76741 48933 81124
19143 75736 46089
9587 63 88290
7712 37763 47624
21967 87026 56758
2002 34588 79047
70989 28999 69463
92634 85013 92905
99358 22668 79958
7837 14156 44640
76266 21469 56691
4642 56320 61291
33726 33367 16074
50219 17306 37124
5761 86590 80537
74990 74397 75324
85675 24612 70416
10201 16779 12074
73598 53911 55787
81121 10868 88908
90514 32606 90234
45473 62788 4303
41965 9592 23793
56943 9761 81081
80602 51379 96677
64708 1405 74328
47937 83031 10604
49812 41855 28317
58063 13282 42911
70421 1723 76715
98787 32497 92582
40251 77239 68878
40069 89745 68951
62891 70978 89463
34026 88303 3969
73587 62233 58606
94810 24452 74780
7303 22800 31462
55582 85848 39023
64296 54651 44011
72408 74561 48673
67034 91234 79653
69213 92703 35233
43037 61235 86829
45539 360 79205
70917 745 38409
58558 58189 2350
49100 97935 59242
50755 60924 27881
27963 11071 27768
34171 12754 63409
57316 97291 5928
9441 95898 21025
31161 27695 17953
76602 42445 7898
69583 89442 6284
21900 19964 71804
68018 76057 85984
89310 36217 20755
17751 72328 40995
35309 18021 38830
97145 50833 38232
13118 55114 35874
20961 94051 90801
18064 51266 31517
58931 80730 88771
24999 16631 16480
15929 19052 7189
98570 93438 41332
39060 39598 29585
75703 25654 6275
86653 16955 98060
71990 66565 31966
80085 70169 63323
2287 43030 59037
73177 54426 86864
14486 58296 11874
72951 92817 72999
50503 6406 4991
66535 14857 67986
67257 54140 47678
30234 59768 29040
45829 60172 92553
84232 82527 26556
98016 76385 93925
49956 72871 35764
5254 76039 99912
50368 47333 95125
6100 53787 99144
22191 57039 14325
45902 7623 1979
44484 42841 63701
18328 29646 71897
27482 787 78313
53305 98055 4372
50573 71485 95627
95304 6459 4333
56155 10309 90462
51561 50863 98248
50018 41147 57975
61559 37853 76167
51920 92794 14019
17702 72780 91145
1642 62644 21648
80562 94774 29556
45392 50011 57208
20897 74455 85462
14541 20459 99303
54834 42222 41792
3 4960 79509
41216 7925 78441
47102 52895 23427
30481 16570 44543
21811 77428 67015
66817 59288 11091
6495 53126 73303
19870 54202 97843
8772 73864 41056
8101 66651 24824
19108 7813 67916
37011 26605 82270
76428 6676 3019
16536 61048 26745
97146 62410 17586
97470 89078 82275
60706 20093 59410
71008 64920 55640
99244 49164 8828
90841 16358 58814
61271 13722 81035
16498 4168 92199
88814 8021 15625
13792 55938 65313
76671 22435 66358
82612 76270 41602
29319 48241 86005
12865 25751 2817
71339 75925 10677
7400 93338 64017
28134 53754 12799
51850 12563 29969
79037 75605 78273
40062 67288 15126
97794 5605 97150
34256 72556 60807
84090 22033 77639
74222 7725 10873
63140 47198 41395
53672 48918 82103
22147 11795 2947
168 89902 53372
92281 15073 74121
57171 74363 3291
83387 49069 31185
39075 82010 15625
67668 46786 78761
47718 85362 6789
89029 67692 2111
91372 46183 61346
94891 62721 57692
74842 71599 93609
33481 98250 9277
49270 57670 94503
42760 35925 2510
72766 9579 93682
46297 1624 49924
92056 49669 88507
29512 20549 56426
40973 48871 12293
24841 74720 63073
77743 76369 88096
6021 44146 18251
63008 71085 84367
40209 9338 58553
11917 52629 81780
16990 44198 60719
80289 11493 16
80702 11503 50117
36835 6756 39767
98681 83378 45047
50980 69990 91798
14510 42471 14480
6697 15629 45797
15262 41102 13826
54947 98550 63984
35214 5891 19181
61754 42456 13228
50270 43182 46063
89235 45619 13384
72105 20877 67547
42303 32738 6040
18422 28629 69941
7748 32694 47706
97744 57339 72994
74930 38600 92326
99986 43763 13412
62782 32316 6007
52833 47533 12410
87003 59974 59229
72306 37511 42222
8925 63844 49860
87416 91872 95910
7390 41676 53088
72165 42633 76981
75948 70738 15116
53462 17120 17181
71602 26911 67997
59482 51770 37046
456 92200 85568
16640 98742 29281
66746 8589 93325
56651 75783 25636
68418 91658 35127
35384 7967 26296
3218 88245 45057
35896 45955 17378
38620 93504 2993
625 19935 78193
13652 99003 1274
16460 61915 30517
9895 56986 14840
31607 9912 54319
76468 90372 88340
27979 11880 77724
61568 56918 61970
94402 28134 39244
58853 96167 43329
96312 10765 79951
95827 9689 67865
23722 95398 6029
15103 19331 79417
38055 42064 60645
92971 38551 68701
41242 14717 40004
3248 6803 12563
87516 71271 65947
1055 33590 47828
59992 55307 52649
81229 37940 44661
13848 549 77273
21879 7484 4756
19420 98097 6468
63844 28364 193
75596 3853 94766
22553 89512 77887
53614 39903 50081
50538 98698 87253
50436 89126 75239
42785 94941 76018
645 23418 7181
17519 52453 97631
427 63822 65265
65730 88545 87786
92119 2704 1306
28590 88126 71919
68074 45464 74231
94289 55301 45059
20412 12704 68847
90732 33670 512
58804 75878 34838
834 54309 46323
12268 20555 6375
95168 5414 39675
98010 3096 73250
77681 91593 31659
31408 63947 55781
40524 52983 43853
8409 26381 18995
78835 61101 46373
61336 3962 35291
94479 98980 49693
57385 48598 65887
34646 83192 63516
42364 40155 25174
74950 44527 87660
44228 48974 53105
65257 46733 29555
71782 62542 63601
63525 13771 51199
22092 15985 73025
72533 43340 31967
51805 38823 14363
85156 14115 68114
24392 8268 98385
56539 71685 8693
27341 64547 64473
39466 68817 81302
89427 78020 44157
99973 26174 29918
29402 17509 18843
18533 91289 59893
64984 33455 87343
90687 89494 7936
67109 76483 83204
48972 15340 63745
53264 58784 56680
53027 7116 69836
33868 54572 94705
92249 40593 55169
16769 91969 12442
80635 13678 84757
70484 89731 14900
20256 86608 34256
53140 89939 53710
14922 30196 49016
81844 10476 16114
15255 79288 58890
98683 39611 48139
42370 47245 50814
97972 66074 17438
49934 58016 34178
54166 19282 41636
46449 22502 37556
22268 81546 66806
1530 48093 57041
4267 61847 40674
98792 64534 88538
72008 51758 40556
28852 54379 1019
44047 24079 3141
84745 51425 97328
55392 70107 52375
60387 86755 60625
77820 64992 39262
179 43989 36997
41726 32929 38281
97795 77752 73
89251 73636 93743
40530 47974 6477
33445 36096 89085
12786 82841 3737
41997 68347 21503
2469 44512 1197
85785 42600 93487
13057 61920 44614
94105 36605 52048
10228 95083 63972
74665 64974 67620
64469 48381 86465
51107 678 9252
2774 50173 52318
5300 46603 38648
99059 96549 35755
94638 38912 92448
83572 15457 62311
51459 7108 25774
5767 55176 52857
12728 39678 59534
73545 39385 62808
45666 31 72804
1688 82069 83973
55013 16459 93871
56961 25381 94052
99765 96663 69293
84427 9312 88894
11084 90508 17116
7656 85756 85726
78830 41574 57447
4267 19351 53318
69414 11671 84238
7912 50767 46759
69511 31478 11294
88134 73555 31560
98638 82259 24987
490 73539 94923
93577 5433 24886
26289 58385 2489
79643 95937 13836
5169 15145 34901
30689 66386 60802
32203 60124 749
31020 24058 80502
71471 25418 37829
13358 82030 39591
73900 79400 58600
58692 9448 49362
98202 61232 52069
88410 26019 49072
60215 13305 70680
58371 46752 59798
64185 28557 10805
19427 87408 38927
68074 52640 77300
59489 11374 38416
51932 20249 69261
86889 52230 43488
9922 84701 6067
84542 61603 56089
79691 77755 99665
52801 56823 84677
22951 51876 40509
6424 10665 50978
41388 87586 84019
45443 39021 79634
5174 646 16592
94852 66969 76639
69124 11799 19805
67818 81016 14949
28087 80794 55573
7024 30772 19300
69313 54697 37569
38107 76182 35550
48344 34869 64029
7109 92607 15744
43536 40262 55066
49648 18913 3763
69345 88328 21272
49621 68997 2382
92320 54793 94132
72095 80185 29528
53916 81819 83724
77907 45777 88564
37693 56952 70235
37015 20733 33676
7429 2546 36604
1099 34065 4508
12053 28440 85458
78298 66816 8812
2580 36606 54017
51251 15381 31162
51123 26200 77127
23323 41307 89046
59688 28240 54645
54909 57762 17622
47813 51190 16704
82669 24162 30642
89407 2282 73822
52829 98289 77989
5414 85001 31658
61691 95931 32139
43939 73125 60435
99214 56976 52538
14070 5147 73112
87951 5832 48136
53798 4436 55265
80473 20186 41335
75044 58750 89620
16339 97909 45813
2682 24059 30973
29772 92484 3841
5051 98333 27203
44161 53340 90391
74021 31896 22806
62305 30035 50636
19455 97981 44307
29502 50436 91201
89925 96379 77077
78843 71536 42812
57268 83420 32859
25454 7008 71339
25882 73320 19470
57678 22791 97521
22678 31942 43056
39505 38073 16483
33706 71197 88126
67343 20275 16488
16366 6071 7601
83957 92488 78572
19435 44077 57228
76097 37373 62450
55531 90251 64258
7233 84010 28165
50728 78170 32725
81194 18109 94637
60683 92927 13201
9010 85583 58876
2779 93897 84532
31611 21926 45870
48787 41350 73054
99656 78418 48948
40179 47519 49947
97376 2958 98492
34404 4036 26159
65184 39008 89017
30090 53458 15975
51710 94175 72409
42929 82521 63782
92271 92678 9908
57249 76871 12701
39091 78860 6059
77468 70359 40462
9636 53941 80514
42490 20573 22425
11502 76294 66650
74445 87358 64707
70173 45565 42696
46482 66684 29845
27154 26573 81767
84899 1844 85939
63416 1535 65477
71962 93060 32993
51767 91937 71388
24213 86192 33541
28734 74735 65579
7411 75470 70806
19888 67469 84361
30403 57414 71279
56067 90294 35776
80396 9537 51786
69218 13245 37128
89236 52325 48973
98144 40789 27833
54777 13237 21356
13959 33620 37370
73552 91879 56349
34726 76230 4790
76198 70251 75360
73308 14420 79901
65022 51550 48019
57390 6210 55041
83507 44656 21972
54896 1295 61394
64345 1165 17211
98485 6171 42982
93379 60031 14849
18632 52006 74055
36731 40231 4475
39043 31436 63147
35048 2819 49345
25585 70675 88854
100000 73812 51858
67202 94277 42999
52746 28313 59370
81975 13907 69211
57084 61045 26057
971 27406 20603
43389 24052 65375
2340 61734 39424
30629 77005 2876
37276 24406 51038
45284 40858 90953
19186 61038 85201
87753 94911 59404
79063 44318 38364
32859 83521 97011
85242 47826 21517
35926 27192 90775
33466 81188 72441
58875 25015 56608
44086 49736 3010
9632 45074 68751
15879 37554 14294
1703 26183 72607
74455 12931 42870
79793 67146 25957
91190 58642 61817
56978 54982 17688
52951 43905 61368
81906 89176 97200
75961 1817 68910
14666 24568 61745
43355 252 41850
75801 98647 58303
1168 67288 81615
62426 53971 59903
92515 10242 64137
23523 27117 46393
9161 33440 63540
78308 81946 67529
3215 31148 26331
95111 64100 64426
90159 84664 40330
90460 12055 19764
64848 39774 16373
6097 90162 14783
88328 58748 7357
51715 75397 43754
33903 71698 295
26592 52540 41446
79196 93824 22743
56710 51636 68145
2979 74551 20310
44673 26021 43082
10556 47022 84332
86204 57227 36363
79396 88530 21864
4092 28208 25284
71701 89741 26345
93279 71393 20768
73678 21717 9347
75426 74168 36148
2958 20566 77769
22724 8995 30419
4655 83301 53401
45639 48054 12710
76803 37155 23170
32318 92889 7611
81973 82331 40748
73137 95643 43557
26478 70156 25153
33872 28975 93586
61990 50079 19496
11121 88337 47519
60630 36014 94729
3411 89447 34972
49579 97636 31784
25966 89852 72402
96416 15415 86501
16933 73345 29650
38747 1462 58297
48366 93556 96985
66725 28154 29592
66984 53204 84430
96962 93948 28014
2533 76709 84514
84225 8141 52937
31340 2120 74267
94806 36825 67846
5652 79652 74326
77410 55678 70574
46527 50474 41357
5439 62817 97606
91707 62859 42047
75063 38763 24891
36128 6623 19920
17923 83278 37247
23017 2569 55443
37812 78136 7286
2580 63465 50353
31307 40223 67929
7279 59347 81874
26674 40300 39441
37271 70551 67343
