100
85677 71378 39968
63920 38141 39917
2198 43177 37476
61454 66162 7005
62537 82242 91401
65344 67181 72636
32409 53694 31623
11048 83333 40505
77582 40538 28116
32105 71394 2996
56159 73727 39967
10979 53087 60632
8524 70323 66569
63480 2964 95916
88931 10330 68213
86719 89133 2920
121 53493 93724
40425 95833 52420
79634 36511 99209
19057 35524 1913
84836 51816 77069
84280 72054 37323
63343 22287 30739
8054 53729 8532
27458 22140 870
10002 2495 26505
14429 6616 51377
6561 22267 85629
36950 16213 5511
55970 91122 77347
88497 45642 89730
15338 33220 19960
71294 43300 42696
52825 30170 34945
7042 78150 42186
75104 38833 92723
16040 2896 35022
89571 9563 39258
87112 87839 66761
69080 19273 98737
91811 75930 57969
36456 45591 50108
64237 37640 25403
36492 55109 26091
13191 49598 20052
68176 51407 27735
9750 52439 85187
11739 39556 15985
23309 4681 58545
97075 74685 387
60900 17859 57903
61288 17011 8138
68638 88192 97682
71964 60861 96641
32839 50765 80271
30041 83638 54951
41529 93084 41562
52077 93664 26722
72220 87742 3291
37193 42596 139
9390 24769 97857
31824 57523 85880
64369 45852 36447
44460 66773 33611
57186 88070 77470
94505 90012 99191
40432 37675 89536
96617 6509 79190
68549 67570 23108
24490 53888 21647
77305 16606 74660
92278 72145 29409
48290 45311 19403
49397 20557 77819
53548 84425 43783
13908 97501 42692
30083 84287 7898
81805 72689 10242
97544 15639 78211
30421 24705 7537
3657 42467 40693
10762 87777 56823
43201 24657 28410
59645 93532 11753
77228 97590 61100
93258 268 39181
93152 24219 67385
25041 22448 48341
2476 4000 747
63972 92742 40831
69317 37742 70516
80938 59608 70905
53725 95435 45559
35195 60021 89756
65410 76998 37305
35744 66825 62168
45690 28858 8507
87442 23318 11243
8138 21244 32203
18304 61134 40304
