100
62286 83796 67368
9610 97197 97648
87821 46866 50964
97678 5572 60486
45117 73928 1999
3919 44172 28282
97961 12020 35946
29615 48091 11873
68868 31799 88049
41427 91825 6415
21683 69249 56520
56662 86512 26540
50898 52326 91674
9395 92118 57596
8312 92932 27773
31858 936 66743
84236 13180 64719
71634 84140 28942
26474 18320 39783
58653 55284 2011
16495 82896 36982
470 14645 67783
56963 27002 70375
73521 28849 96221
43330 24876 75612
57617 39611 59206
89606 57227 63894
22309 89157 95277
68007 44714 44921
84643 97859 69950
11621 29745 76704
81382 41183 39652
67545 88112 24981
58129 31323 88175
96544 69255 58848
72527 65968 50134
53322 95610 23054
64401 39488 42387
61882 60641 47488
1920 47014 30158
71609 66019 28800
29009 38347 61803
74919 42878 87847
13548 10287 29829
9238 56998 35406
59089 55183 57434
3363 65322 96898
65212 32101 43143
22127 89657 14127
36757 9727 43588
98406 89194 26035
80621 53704 70390
44794 10023 9958
91950 35232 71426
46926 99887 84116
14946 90467 86814
3756 16250 50833
61557 16686 12383
77907 84803 86495
80734 41141 56911
13998 40719 3323
6917 98260 69744
37330 45355 42009
72207 5059 86640
36551 97554 1663
85582 23075 1172
76493 35999 94414
73001 75002 17164
33941 52105 48956
5434 33900 20000
17950 1853 17099
79372 46346 22393
87459 34536 94414
92810 60827 70443
59667 3184 78366
16470 50004 62149
5038 57724 69911
23790 99242 93423
26727 61398 67911
53565 86430 58992
75086 73014 96451
31195 55426 39823
21240 20985 22245
18620 21876 94439
56959 73957 45212
49047 97026 22742
68056 25437 8530
5804 5642 43443
48785 31181 88102
69636 97642 37776
61767 17961 54251
2468 85463 6726
74385 67941 47861
45371 67710 53659
60706 89669 71471
99036 46951 21691
45603 66309 90644
26333 13723 2066
22923 75840 88160
32003 90444 38347
